Oscilaciones libres
-0.9990047776715272 0.03970134312529451 0.0
-0.9960430244563828 0.07861382129068079 0.05
-0.9911611949511512 0.11645924393102108 0.1
-0.9844192758703254 0.15297524489678135 0.15000000000000002
-0.9758898906453626 0.18791934260605633 0.2
-0.9656572180444624 0.22107230163567282 0.25
-0.9538157620375847 0.2522407103943253 0.30000000000000004
-0.9404690134065933 0.281258729411619 0.35000000000000003
-0.9257280448759799 0.30798900442119037 0.4
-0.9097100808937663 0.33232277523324194 0.45
-0.8925370808214532 0.3541792432645454 0.5
-0.8743343704840464 0.3735042860084086 0.55
-0.8552293521331608 0.39026862483360547 0.6000000000000001
-0.8353503172609953 0.4044655630992292 0.65
-0.8148253807388555 0.41610841503268936 0.7000000000000001
-0.7937815487788434 0.4252277429619433 0.75
-0.7723439275198976 0.4318685124490784 0.8
-0.7506350738470782 0.43608726293063726 0.8500000000000001
-0.7287744855276426 0.43794937695013547 0.9
-0.7068782239864003 0.43752651521135016 0.9500000000000001
-0.6850586600850432 0.4348942685725953 1.0
-0.6634243311051962 0.43013006262514897 1.05
-0.6420798957138223 0.42331133631471596 1.1
-0.621126172935714 0.41451400361758434 1.1500000000000001
-0.600660250977302 0.4038111968210048 1.2000000000000002
-0.5807756520369747 0.3912722815634033 1.25
-0.5615625398967865 0.3769621274187955 1.3
-0.5431079580208393 0.36094061332367816 1.35
-0.5254960869972032 0.3432623443481041 1.4000000000000001
-0.5088085113740731 0.32397655498095096 1.4500000000000002
-0.49312448718946233 0.3031271740022151 1.5
-0.47852120272093807 0.28075302693373655 1.55
-0.4650740261419167 0.25688815379867214 1.6
-0.45285673482710403 0.23156222231402368 1.6500000000000001
-0.4419417219724859 0.20480101955726698 1.7000000000000002
-0.4324001769613265 0.17662700848784915 1.75
-0.42430223649764476 0.14705993939701203 1.8
-0.417717103926161 0.11611751036035256 1.85
-0.41271313434803575 0.08381607505162252 1.9000000000000001
-0.4093578831110327 0.05017140083140339 1.9500000000000002
-0.40771811498765187 0.015199484844076544 2.0
-0.4078597708422486 -0.021082559067798982 2.0500000000000003
-0.4098478878158263 -0.058655524511104895 2.1
-0.4137464680141978 -0.09749702412571928 2.15
-0.41961828936358375 -0.13758025935416915 2.2
-0.42752465069440126 -0.17887261352957526 2.25
-0.4375250412337249 -0.22133402799239815 2.3000000000000003
-0.44967672254604224 -0.26491511599972895 2.35
-0.464034208593507 -0.30955496511239367 2.4000000000000004
-0.48064862704714567 -0.35517857607466696 2.45
-0.49956694235701715 -0.4016938856614259 2.5
-0.520831018511299 -0.44898832350338563 2.5500000000000003
-0.5444764970645057 -0.4969248597210707 2.6
-0.5705314641441145 -0.5453375128090278 2.6500000000000004
-0.5990148790866117 -0.5940263074384703 2.7
-0.6299347375413274 -0.6427517018228242 2.75
-0.6632859438596115 -0.6912285463983994 2.8000000000000003
-0.6990478720267391 -0.7391196923007367 2.85
-0.7371816020852942 -0.7860294418042238 2.9000000000000004
-0.7776268308373387 -0.8314971253068174 2.95
-0.8202984725558115 -0.8749912011582349 3.0
-0.8650829884221062 -0.9159044041669097 3.0500000000000003
-0.9118345132272896 -0.953550611328437 3.1
-0.9603708849807697 -0.9871642400670863 3.1500000000000004
-1.0104697273170136 -1.0159031300907615 3.2
-1.0618647849120477 -1.0388559628304241 3.25
-1.1142427661625507 -1.0550553128354505 3.3000000000000003
-1.1672410011338354 -1.0634973671065961 3.35
-1.2204462703076977 -1.0631691508132501 3.4000000000000004
-1.2733951930050322 -1.05308372226366 3.45
-1.3255765738350855 -1.0323232176151105 3.5
-1.376436080500354 -1.0000888296429529 3.5500000000000003
-1.425383556602208 -0.9557558229698093 3.6
-1.4718031511219212 -0.8989305955371115 3.6500000000000004
-1.5150662694499688 -0.8295057212412638 3.7
-1.5545471243557276 -0.7477080290775416 3.75
-1.58964040401273 -0.6541342968385249 3.8000000000000003
-1.6197803033653724 -0.5497692625361843 3.85
-1.644459918805283 -0.4359815281244369 3.9000000000000004
-1.6632498230649044 -0.3144945831421205 3.95
-1.6758145543568443 -0.18733249791556025 4.0
-1.6819257983931535 -0.056742556385425524 4.05
-1.6814712243967995 0.07490017974800317 4.1000000000000005
-1.6744582453697014 0.20519911252229886 4.15
-1.6610123756135853 0.3318444780077533 4.2
-1.6413703045471 0.4527148774551239 4.25
-1.6158682367541453 0.5659638889314469 4.3
-1.584926408319758 0.6700855776264416 4.3500000000000005
-1.5490309364326844 0.763955284111777 4.4
-1.5087142707227086 0.8468448505822335 4.45
-1.4645354909893082 0.9184140101281275 4.5
-1.417061556680315 0.9786816735669153 4.55
-1.366850391927642 1.0279821105153533 4.6000000000000005
-1.3144364249802185 1.0669115020294504 4.65
-1.2603189296043649 1.0962701378491895 4.7
-1.204953268448319 1.117004821251761 4.75
-1.1487449345711616 1.1301550380526817 4.800000000000001
-1.0920461371197856 1.1368053391550301 4.8500000000000005
-1.0351545814728196 1.1380453324741484 4.9
-0.9783140476240495 1.1349377813381571 4.95
-0.9217163639603407 1.1284946126370716 5.0
-0.8655043962927591 1.1196601577426293 5.050000000000001
-0.8097757137457936 1.1093006629299818 5.1000000000000005
-0.75458664503893 1.0981989784815738 5.15
-0.6999564938792244 1.0870533262552489 5.2
-0.6458717357050681 1.076479115343371 5.25
-0.5922900667763091 1.0670128913341022 5.300000000000001
-0.5391442189700248 1.0591176407571077 5.3500000000000005
-0.4863454890963084 1.0531888100762383 5.4
-0.433786960333502 1.0495605260747225 5.45
-0.38134641620184434 1.0485116148255704 5.5
-0.3288889652941218 1.0502711066298833 5.550000000000001
-0.27626940878825185 1.0550229839381657 5.6000000000000005
-0.22333439358131668 1.062909979613695 5.65
-0.16992440261854566 1.0740362662055774 5.7
-0.1158756414276097 1.0884688959708875 5.75
-0.06102188664335557 1.106237859338919 5.800000000000001
-0.005196368893185699 1.1273346297356543 5.8500000000000005
0.05176623089685495 1.1517090589376284 5.9
0.11002758582715527 1.1792644837312132 5.95
0.16974323508993586 1.209850906822722 6.0
0.23105970432013678 1.2432561291258435 6.050000000000001
0.2941111293867097 1.27919474482526 6.1000000000000005
0.3590152758098296 1.3172949750310152 6.15
0.4258688472444401 1.3570834226055897 6.2
0.494741984415358 1.3979679940750918 6.25
0.5656718737360624 1.439219469881793 6.300000000000001
0.6386554165749213 1.4799525265666686 6.3500000000000005
0.7136409604058975 1.5191074351146197 6.4
0.7905191669268513 1.5554341812612784 6.45
0.8691131944424969 1.5874813625690072 6.5
0.9491685059122734 1.6135928742942343 6.550000000000001
1.0303427807394792 1.6319160253394844 6.6000000000000005
1.1121966033554957 1.6404252033877276 6.65
1.194185813163452 1.6369653581222052 6.7
1.2756566066099666 1.6193191692713964 6.75
1.3558446492928595 1.5853005655143921 6.800000000000001
1.4338795384495946 1.5328750436290208 6.8500000000000005
1.5087958997743527 1.460303898167953 6.9
1.5795521527496588 1.3663051188892115 6.95
1.6450574940049023 1.2502187714479496 7.0
1.7042069176134207 1.1121599446443524 7.050000000000001
1.7559231522802121 0.9531389509995126 7.1000000000000005
1.799203346478438 0.775127669570887 7.15
1.8331673318891377 0.5810537794674714 7.2
1.8571035401150762 0.3747115817598706 7.25
1.8705083327854874 0.1605885939334193 7.300000000000001
1.873114770701193 -0.05638052603249635 7.3500000000000005
1.8649077281031088 -0.2711093953977081 7.4
1.8461236554293967 -0.4786728476361569 7.45
1.8172349873897948 -0.6746024717922945 7.5
1.7789208882409284 -0.8551328728281812 7.550000000000001
1.732027427743032 -1.0173752149748565 7.6000000000000005
1.6775211675263129 -1.1594063689880887 7.65
1.6164404088749122 -1.2802743743493619 7.7
1.549848042345211 -1.3799314551898356 7.75
1.4787891861484268 -1.459112829964407 7.800000000000001
1.4042557988632869 -1.5191824633245257 7.8500000000000005
1.327159400355282 -1.561966146237582 7.9
1.2483120916927024 -1.5895889111462111 7.95
1.1684153297045818 -1.6043290562053398 8.0
1.0880554229952868 -1.6084960963618702 8.05
1.0077044632757095 -1.6043355825614607 8.1
0.9277253475681728 -1.593960363789401 8.15
0.8483796287710682 -1.579305621995765 8.200000000000001
0.7698371000702119 -1.5621037827244368 8.25
0.6921862270249519 -1.5438749777166536 8.3
0.6154447559761206 -1.5259288630485033 8.35
0.5395700268050296 -1.5093740527402388 8.4
0.46446869021756104 -1.4951320357908442 8.450000000000001
0.3900056703753333 -1.4839530799320058 8.5
0.3160123235741681 -1.4764322114657324 8.55
0.24229382635372831 -1.4730238581918054 8.6
0.16863588673888064 -1.4740541389725328 8.65
0.09481091526299752 -1.479730083327182 8.700000000000001
0.020583822510379296 -1.4901452820534364 8.75
-0.05428236922977667 -1.5052816251268446 8.8
-0.13002089842369244 -1.525006898759784 8.85
-0.20685541020951398 -1.549068113995343 8.9
-0.28499366141492355 -1.5770805507079186 8.950000000000001
-0.36462057305521334 -1.608512651518637 9.0
-0.4458904305645928 -1.642667120293332 9.05
-0.528918057301325 -1.6786589017175377 9.1
-0.6137688314588843 -1.7153911738338512 9.15
-0.7004474878017716 -1.7515311015284167 9.200000000000001
-0.7888857520957446 -1.7854878900524993 9.25
-0.8789290063262005 -1.8153966324642778 9.3
-0.9703223838385574 -1.8391125087321711 9.35
-1.062696948169346 -1.8542209474425377 9.4
-1.1555569122672473 -1.858070196968798 9.450000000000001
-1.2482691879009504 -1.847833064105236 9.5
-1.3400568823723744 -1.8206039634268483 9.55
-1.4299986237061797 -1.7735354310781064 9.600000000000001
-1.5170357171196651 -1.7040144972527382 9.65
-1.5999890205484817 -1.6098736057484246 9.700000000000001
-1.677586982056535 -1.4896233686005471 9.75
-1.7485054414380055 -1.3426862275304656 9.8
-1.8114185583801006 -1.1696026531515025 9.850000000000001
-1.8650586813097254 -0.972177004229109 9.9
-1.9082813185287524 -0.7535308482936146 9.950000000000001
-1.9401299203543039 -0.5180390110990558 10.0
-1.9598942774473462 -0.2711379838179514 10.05
-1.967156291447679 -0.019015636473687147 10.100000000000001
-1.9618178370201695 0.23178841350692092 10.15
-1.9441073424539812 0.4748258384479297 10.200000000000001
-1.9145642635267903 0.7041717015796054 10.25
-1.8740033339827293 0.914793391859586 10.3
-1.8234628223598135 1.102816198397446 10.350000000000001
-1.7641425857192785 1.2656640085884625 10.4
-1.6973382705514029 1.4020741566615396 10.450000000000001
-1.6243775965508986 1.5120032027669905 10.5
-1.5465634970205688 1.5964522027979162 10.55
-1.465127315367885 1.6572447295064596 10.600000000000001
-1.3811936114962957 1.6967893083761378 10.65
-1.2957566838792047 1.7178519955390623 10.700000000000001
-1.2096678222003672 1.7233568437915547 10.75
-1.1236316223397007 1.716223949684583 10.8
-1.0382093879174534 1.6992479649724328 10.850000000000001
-0.9538276303547838 1.6750150042722147 10.9
-0.8707898662044158 1.6458528462262216 10.950000000000001
-0.7892902066412953 1.613807922618575 11.0
-0.7094275684188976 1.5806423864951087 11.05
-0.6312196594640495 1.547845107363087 11.100000000000001
-0.554616177150277 1.516651391423598 11.15
-0.47951089062859176 1.4880672998620634 11.200000000000001
-0.4057524587833383 1.462895467797799 11.25
-0.33315396727634733 1.4417602185024125 11.3
-0.2615012597115928 1.4251304859570109 11.350000000000001
-0.19056019799416962 1.4133396033404135 11.4
-0.12008302374188747 1.406601404960795 11.450000000000001
-0.0498140131815117 1.4050223526457628 11.5
0.020505372114445503 1.4086095651192532 11.55
0.0911316329611669 1.4172747296893426 11.600000000000001
0.16231447367975751 1.430833936533235 11.65
0.23429193468694143 1.449003521586443 11.700000000000001
0.30728522020259635 1.4713920576037154 11.75
0.381493033624839 1.4974887169102922 11.8
0.4570852474568536 1.5266483664945885 11.850000000000001
0.5341957576734085 1.5580739695890127 11.9
0.6129144084783669 1.59079718036691 11.950000000000001
0.6932779279845694 1.6236584492800221 12.0
0.7752598946949734 1.655288517118661 12.05
0.8587598652279057 1.68409386117715 12.100000000000001
0.9435919410799309 1.7082494345670538 12.15
1.0294732393306736 1.7257028357617539 12.200000000000001
1.1160129569844655 1.7341947293632647 12.25
1.20270297084076 1.7313007124937012 12.3
1.288911172460249 1.714499617780542 12.350000000000001
1.3738789643865428 1.681272150823327 12.4
1.4567244869885805 1.6292314727223196 12.450000000000001
1.5364531396818344 1.5562836558039397 12.5
1.6119767356903283 1.460810897779596 12.55
1.6821421263984475 1.3418643893749935 12.600000000000001
1.7457693226027782 1.1993476856055336 12.65
1.8016980551624129 1.03416668830295 12.700000000000001
1.8488404619018883 0.8483205259166913 12.75
1.8862363456074465 0.6449101822505513 12.8
1.9131064620068206 0.4280494363459788 12.850000000000001
1.9288988181348712 0.20267506453759207 12.9
1.9333231822669577 -0.02573159361157662 12.950000000000001
1.9263699908700986 -0.25148478716094214 13.0
1.908311481354063 -0.4690583081859051 13.05
1.8796849158396791 -0.673430952123269 13.100000000000001
1.8412598229372708 -0.8603745770664769 13.15
1.793992897168199 -1.0266561209758422 13.200000000000001
1.7389752754466865 -1.1701394513491314 13.25
1.6773772297979772 -1.289788228327514 13.3
1.610394918818123 -1.385583857488112 13.350000000000001
1.539202905944303 -1.4583809938416892 13.4
1.4649149281595344 -1.5097262804546898 13.450000000000001
1.388554131297906 -1.5416646864074746 13.5
1.3110328715714201 -1.5565533560025668 13.55
1.2331413332294068 -1.5568969210941122 13.600000000000001
1.1555436680322098 -1.5452121689863618 13.65
1.0787801024409827 -1.523924757807507 13.700000000000001
1.0032734264563583 -1.4952968020074484 13.75
0.929338404033442 -1.4613816894607294 13.8
0.8571928622371501 -1.424001260761875 13.850000000000001
0.7869694704309393 -1.3847401836312492 13.9
0.7187274731091067 -1.34495267547039 13.950000000000001
0.6524638666919196 -1.3057773909562713 14.0
0.5881236999952293 -1.2681570916970468 14.05
0.5256093270865755 -1.2328605125818775 14.100000000000001
0.4647885522006578 -1.200504553985083 14.15
0.405501684541097 -1.171575523260056 14.200000000000001
0.34756757245620407 -1.1464486146876554 14.25
0.29078871790481686 -1.1254051629207622 14.3
0.2349555889121638 -1.1086474480308255 14.350000000000001
0.17985025450579903 -1.0963109902393242 14.4
0.1252494670878581 -1.0884743684126703 14.450000000000001
0.07092731410898154 -1.0851666452650084 14.5
0.01665755625467092 -1.0863724980034577 14.55
-0.03778423550405155 -1.0920351472252963 14.600000000000001
-0.09261863585738034 -1.10205715835684 14.65
-0.14806030909376547 -1.116299166300385 14.700000000000001
-0.20431583797950154 -1.1345765517488087 14.75
-0.26158133554635765 -1.1566540830313627 14.8
-0.32003973835972155 -1.1822385368304562 14.850000000000001
-0.37985768092087585 -1.2109693318942765 14.9
-0.4411818536820621 -1.2424072603453165 14.950000000000001
-0.504134753443044 -1.27602149102342 15.0
-0.568809746886653 -1.3111751592569405 15.05
-0.6352653884821209 -1.3471100585901938 15.100000000000001
-0.7035189662526475 -1.3829312220905436 15.15
-0.7735392966843752 -1.4175925296866536 15.200000000000001
-0.8452388571696168 -1.4498849011548374 15.25
-0.918465434208881 -1.478429115549435 15.3
-0.9929935802130512 -1.501675799631507 15.350000000000001
-1.0685163106553792 -1.517915583860995 15.4
-1.1446376318473783 -1.5253027330245823 15.450000000000001
-1.2208666570448752 -1.5218955802917649 15.5
-1.2966142264374039 -1.505716658557763 15.55
-1.371193067493051 -1.4748343523045082 15.600000000000001
-1.4438225803985005 -1.4274660391804164 15.65
-1.513639267849483 -1.3620999971239485 15.700000000000001
-1.5797136091329214 -1.2776299294211144 15.75
-1.641073776290207 -1.1734921492809787 15.8
-1.696735999930036 -1.0497918759908795 15.850000000000001
-1.7457406451946673 -0.9074025614982167 15.9
-1.7871922304126084 -0.7480216105095102 15.950000000000001
-1.8203008313845446 -0.5741680455989482 16.0
-1.8444217106760359 -0.38911292016255905 16.05
-1.8590897406243556 -0.19674121751524262 16.1
-1.864045359224956 -0.0013534312711225016 16.150000000000002
-1.8592494430326378 0.19257577967454276 16.2
-1.8448855380176434 0.3806575054046525 16.25
-1.821349203200223 0.5588395979089269 16.3
-1.7892255773997499 0.7236227950393002 16.35
-1.749257451072965 0.8722216904077728 16.400000000000002
-1.7023069313248853 1.0026588984492988 16.45
-1.6493141307701378 1.1137903585307054 16.5
-1.5912561898889503 1.205268385877192 16.55
-1.5291094426661094 1.2774553896983685 16.6
-1.4638167941063989 1.33130447496933 16.650000000000002
-1.3962615470965454 1.368223512478454 16.7
-1.3272481271616499 1.38993734047018 16.75
-1.257489499458137 1.3983594479531165 16.8
-1.1876005997710735 1.395480672898612 16.85
-1.1180968170150014 1.3832788285533275 16.900000000000002
-1.0493964468596448 1.3636501865369226 16.95
-0.9818260472188071 1.3383615836470917 17.0
-0.9156277247826741 1.3090205757464226 17.05
-0.8509675293442478 1.2770604145297946 17.1
-0.7879442988041722 1.2437364980152643 17.150000000000002
-0.7265984607727093 1.210131166749888 17.2
-0.6669204432468152 1.1771641332252973 17.25
-0.6088584702492041 1.1456063264357292 17.3
-0.5523256167355599 1.1160954283802718 17.35
-0.49720607177400955 1.0891518276532877 17.400000000000002
-0.44336061296297163 1.0651940940598135 17.45
-0.39063133197695515 1.0445533808051952 17.5
-0.3388456747691228 1.0274863906714884 17.55
-0.28781987374778234 1.0141867084559215 17.6
-0.23736185611452462 1.0047944146419674 17.650000000000002
-0.18727371488748012 0.9994039657241063 17.7
-0.1373538287926031 0.9980703647499892 17.75
-0.08739871558558707 1.0008136599812765 17.8
-0.03720470147582919 1.007621807127109 17.85
0.013430512146852869 1.0184519170958843 17.900000000000002
0.06470630410111719 1.033229891383653 17.95
0.11681752989355815 1.0518484252083964 18.0
0.16995277674712184 1.0741633382469151 18.05
0.22429239223707337 1.0999881784891241 18.1
0.2800061987217063 1.1290870410748368 18.150000000000002
0.3372508030865848 1.161165556820492 18.2
0.3961664098529609 1.1958600416310767 18.25
0.45687304682677166 1.2327248668489212 18.3
0.5194661180538335 1.2712182220992008 18.35
0.5840112113150011 1.3106866077931238 18.400000000000002
0.6505381097389368 1.3503486257147852 18.45
0.7190339928699955 1.3892789427889831 18.5
0.7894358656220722 1.4263936898888294 18.55
0.8616223279046897 1.4604390192094805 18.6
0.9354048966154831 1.4899850587457053 18.650000000000002
1.0105192167934423 1.5134280249305643 18.7
1.086616648588253 1.529003706230259 18.75
1.1632568850274858 1.534815794530872 18.8
1.2399024292213487 1.5288824615935392 18.85
1.315915916921306 1.5092039704937856 18.900000000000002
1.3905613801449455 1.4738527918507005 18.95
1.463010570498854 1.4210855247863905 19.0
1.5323553532326186 1.3494728828648606 19.05
1.5976269048737908 1.2580402715764814 19.1
1.6578219735955506 1.1464074937238053 19.150000000000002
1.7119357962594035 1.0149125886316597 19.200000000000003
1.759000454914291 0.8647026656406686 19.25
1.798126591914322 0.6977747846456013 19.3
1.8285456228647767 0.5169531675343789 19.35
1.849649048636037 0.3257954330883659 19.400000000000002
1.8610213178102892 0.128429484422611 19.450000000000003
1.862463022120114 -0.07066731319001812 19.5
1.8540020246998428 -0.2669259415017434 19.55
1.8358913263097054 -0.4559536678975421 19.6
1.8085938807348085 -0.6337835263546409 19.650000000000002
1.7727559416601855 -0.7970798516182923 19.700000000000003
1.7291716322856112 -0.9432815524777927 19.75
1.6787421109866343 -1.0706743844816393 19.8
1.6224328930626153 -1.178393377144316 19.85
1.5612326130340983 -1.2663649009392794 19.900000000000002
1.4961158864915478 -1.3352033865811692 19.950000000000003
1.4280121089644777 -1.386080023057691 20.0
1.3577811666855528 -1.4205801913934002 20.05
1.2861962558164945 -1.4405637440690051 20.1
1.2139333924008722 -1.4480384856190065 20.150000000000002
1.1415667776473097 -1.4450532272054781 20.200000000000003
1.0695689564216648 -1.433613216083094 20.25
0.9983146404181586 -1.4156179377316012 20.3
0.9280871192703168 -1.3928193658764638 20.35
0.8590863098068126 -1.3667976321190605 20.400000000000002
0.7914376584742003 -1.3389506454483604 20.450000000000003
0.7252012862235006 -1.3104942237507131 20.5
0.6603809297794696 -1.2824696264774105 20.55
0.5969323772103696 -1.255755854595069 20.6
0.5347712143984209 -1.2310846053018465 20.650000000000002
0.4737797920062602 -1.2090562664575726 20.700000000000003
0.4138133920981914 -1.190155771149832 20.75
0.35470562328545724 -1.174767490130059 20.8
0.2962731071214344 -1.1631886172115005 20.85
0.23831954033362426 -1.1556407067095824 20.900000000000002
0.18063923075670846 -1.152279163295023 20.950000000000003
0.12302021236176444 -1.1532005752012393 21.0
0.065247048801169 -1.158447833288404 21.05
0.007103437084703769 -1.1680130017320487 21.1
-0.05162527545928074 -1.181837910656567 21.150000000000002
-0.11114954618730857 -1.1998124355515196 21.200000000000003
-0.17167294740847389 -1.2217704210143585 21.25
-0.23338921302848226 -1.2474832055898835 21.3
-0.2964789008050256 -1.2766507192689904 21.35
-0.36110554891273267 -1.3088901658846719 21.400000000000002
-0.42741120790640175 -1.343722381211364 21.450000000000003
-0.495511236722064 -1.3805560878618206 21.5
-0.5654882670299282 -1.4186704653341902 21.55
-0.6373852677894123 -1.4571967332285505 21.6
-0.7111976857201362 -1.4950998208540678 21.650000000000002
-0.7868647025743726 -1.5311616737604348 21.700000000000003
-0.8642597415925382 -1.5639683207480766 21.75
-0.9431804775372206 -1.5919034654698188 21.8
-1.0233387592524446 -1.6131520141751943 21.85
-1.104351038723785 -1.625717501261075 21.900000000000002
-1.1857301075806355 -1.6274576712334476 21.950000000000003
-1.2668791532399355 -1.6161423123596053 22.0
-1.3470893334563017 -1.5895365717630496 22.05
-1.4255421887498636 -1.5455111778094341 22.1
-1.501318215599876 -1.4821780931653046 22.150000000000002
-1.5734127538669995 -1.3980461338007715 22.200000000000003
-1.6407599513102051 -1.2921863080519165 22.25
-1.7022649313789473 -1.1643917075951682 22.3
-1.7568434246104463 -1.0153127305836165 22.35
-1.8034671030481422 -0.8465464767736082 22.400000000000002
-1.8412118172942644 -0.6606605081733481 22.450000000000003
-1.869305062687629 -0.46113653862513504 22.5
-1.8871684961577901 -0.2522288600513277 22.55
-1.8944513559888359 -0.038744198484780806 22.6
-1.8910512829489834 0.17423799639642112 22.650000000000002
-1.8771202572985324 0.38167578667104396 22.700000000000003
-1.8530549753282233 0.5788711074374525 22.75
-1.819472717985035 0.7617385241913227 22.8
-1.777175309190381 0.9270091834187151 22.85
-1.7271048652875503 1.072353510597559 22.900000000000002
-1.6702955494754395 1.1964186571369482 22.950000000000003
-1.6078254491247366 1.2987881811123974 23.0
-1.540772092296849 1.3798799307564644 23.05
-1.470174192056026 1.4408025887696905 23.1
-1.3970011552416266 1.4831919007338437 23.150000000000002
-1.3221308934414937 1.5090451094504114 23.200000000000003
-1.2463356513190815 1.520567775680048 23.25
-1.1702749822318415 1.5200421953521774 23.3
-1.0944946597477845 1.5097219648871723 23.35
-1.0194301847813527 1.4917534715938912 23.400000000000002
-0.9454135805431996 1.468122419842452 23.450000000000003
-0.872682305887746 1.4406219128442324 23.5
-0.8013893123509978 1.4108379106389342 23.55
-0.7316134825808263 1.3801478350438336 23.6
-0.663369891537718 1.3497284548865032 23.650000000000002
-0.5966195112907606 1.3205697629316047 23.700000000000003
-0.5312781285077932 1.2934922050185333 23.75
-0.4672243598354958 1.2691652479338194 23.8
-0.40430673690912466 1.2481258226223209 23.85
-0.3423498941899069 1.2307956307638312 23.900000000000002
-0.28115993427243513 1.2174966524956539 23.950000000000003
-0.2205290716413815 1.2084644495784322 24.0
-0.1602396714131802 1.2038590355506202 24.05
-0.10006780794662032 1.2037731981082391 24.1
-0.039786472137339705 1.2082382243938532 24.150000000000002
0.020831442217964027 1.2172270110329766 24.200000000000003
0.08201024199273865 1.2306545500249066 24.25
0.14396849678396886 1.2483757801418192 24.3
0.20691592741437176 1.270180791803376 24.35
0.27104998839744043 1.2957873819774122 24.400000000000002
0.33655201234391724 1.3248309857232494 24.450000000000003
0.4035827870504408 1.3568520750491722 24.5
0.47227744311666997 1.3912812279247642 24.55
0.5427395441770315 1.4274222461715407 24.6
0.6150342967981639 1.4644339567086244 24.650000000000002
0.6891808371553079 1.5013116808774771 24.700000000000003
0.7651436117514027 1.5368698106499774 24.75
0.8428229548896642 1.569727486600009 24.8
0.9220450810223176 1.5983000092467348 24.85
1.0025518583719806 1.6207992813612733 24.900000000000002
1.0839909106919452 1.6352471810829448 24.950000000000003
1.1659068001302597 1.63950615997329 25.0
1.247734260746736 1.6313313481579135 25.05
1.3287946530875838 1.608447789506829 25.1
1.4082969566702925 1.5686548737846895 25.150000000000002
1.4853446591562085 1.5099573852169943 25.200000000000003
1.5589497818124105 1.430718801594937 25.25
1.6280549476944384 1.3298277666375107 25.3
1.691563818032888 1.2068635850158358 25.35
1.7483793976276871 1.062242099026498 25.400000000000002
1.7974487008050921 0.8973206294504688 25.450000000000003
1.8378111986041719 0.7144410651971781 25.5
1.8686475143342731 0.5168945733629383 25.55
1.8893242047269219 0.30879989124654805 25.6
1.8994303432254322 0.09489878467238297 25.650000000000002
1.8988021198489393 -0.11971503376356687 25.700000000000003
1.8875327765083152 -0.32990614423502196 25.75
1.8659667589199642 -0.5308125889639637 25.8
1.8346787261604955 -0.7181308531733556 25.85
1.7944397062635453 -0.8883408333995163 25.900000000000002
1.7461739394350264 -1.0388511111069938 25.950000000000003
1.6909106250859547 -1.1680573948605035 26.0
1.629734834424679 -1.2753191744836858 26.05
1.5637413456682938 -1.3608691537742112 26.1
1.493994273816282 -1.4256756033258275 26.150000000000002
1.4214943073550874 -1.471279233472886 26.200000000000003
1.347154320814685 -1.4996242554647514 26.25
1.2717832451909443 -1.5128991845957906 26.3
1.1960774247313257 -1.5133979155425652 26.35
1.1206182865242222 -1.503406709363474 26.400000000000002
1.0458749736722535 -1.4851186465423358 26.450000000000003
0.9722105942950782 -1.4605741245561439 26.5
0.8998908603836017 -1.4316241269765386 26.55
0.8290940799546324 -1.3999121007492328 26.6
0.7599216808663504 -1.366870107189959 26.650000000000002
0.6924086553650607 -1.3337252124244672 26.700000000000003
0.6265335028799759 -1.301512642242848 26.75
0.5622274060300774 -1.271092885013105 26.8
0.4993824991558135 -1.243170577783626 26.85
0.4378591820098708 -1.2183135930334095 26.900000000000002
0.37749249782543176 -1.196971228004261 26.950000000000003
0.31809763995355034 -1.1794907787228788 27.0
0.259474679709068 -1.1661320634725567 27.05
0.20141262454479208 -1.1570796590284629 27.1
0.14369292400142938 -1.1524527431602782 27.150000000000002
0.08609254408258424 -1.152312514229396 27.200000000000003
0.02838673106559783 -1.156667197177955 27.25
-0.029648415088465385 -1.1654746569655339 27.3
-0.08823343855004764 -1.1786426359754196 27.35
-0.1475829780319688 -1.1960266202357641 27.400000000000002
-0.2079030511272632 -1.2174253289695391 27.450000000000003
-0.26938805355912365 -1.2425738214883681 27.5
-0.3322173543907478 -1.2711342339061649 27.55
-0.3965513699142764 -1.3026842058771173 27.6
-0.4625270039706333 -1.3367031463849222 27.650000000000002
-0.5302523532281843 -1.3725566308435606 27.700000000000003
-0.5998005955418328 -1.409479433598733 27.75
-0.6712030117007768 -1.446557993850339 27.8
-0.7444411400301036 -1.4827134990135586 27.85
-0.8194381341337645 -1.516687249404591 27.900000000000002
-0.8960494910008283 -1.5470305288391732 27.950000000000003
-0.9740534429884131 -1.5721018106530698 28.0
-1.053141463459486 -1.59007470756484 28.05
-1.1329095181545232 -1.5989605134815024 28.1
-1.2128508919180436 -1.5966493245570135 28.150000000000002
-1.2923516131994295 -1.5809733612752825 28.200000000000003
-1.3706896559422816 -1.5497950178743296 28.25
-1.447039178331404 -1.5011201401135497 28.3
-1.5204810107474633 -1.4332339754245595 28.35
-1.5900203808439213 -1.3448532405095344 28.400000000000002
-1.6546124228123493 -1.235283183900843 28.450000000000003
-1.713195348579573 -1.1045640956184999 28.5
-1.764730292333327 -0.9535884467582844 28.55
-1.808245863019749 -0.7841688823335532 28.6
-1.842884494091313 -0.5990396356818214 28.650000000000002
-1.8679469454749633 -0.40178003943527973 28.700000000000003
-1.882930971277624 -0.19665826235444603 28.75
-1.8875603541377375 0.01159521085398768 28.8
-1.8818012670913056 0.21806373122290895 28.85
-1.8658641801486273 0.4179412875045123 28.900000000000002
-1.8401910902148224 0.6068173821553278 28.950000000000003
-1.8054294535632724 0.780919467262546 29.0
-1.7623955640094444 0.9372896304439552 29.05
-1.7120310298523989 1.073882812877756 29.1
-1.6553563483871045 1.1895854026123898 29.150000000000002
-1.593425370395238 1.2841632245455241 29.200000000000003
-1.527283803101931 1.3581550720068258 29.25
-1.4579339928346102 1.4127313022063865 29.3
-1.3863072426522003 1.4495368918617875 29.35
-1.3132440104601806 1.4705356045306466 29.400000000000002
-1.2394816022447694 1.4778677023957956 29.450000000000003
-1.1656484690637139 1.473729018030589 29.5
-1.092263933809327 1.4602749896395502 29.55
-1.0197420812470246 1.4395499212867995 29.6
-0.9483985938161317 1.4134394179387164 29.650000000000002
-0.8784594553960331 1.3836426054498197 29.700000000000003
-0.8100706312844894 1.3516601969339392 29.75
-0.743308031001379 1.318794485417892 29.8
-0.6781872483091883 1.2861577150972814 29.85
-0.6146727368792912 1.2546858356385024 29.900000000000002
-0.5526862147024582 1.2251552494478002 29.950000000000003
-0.4921141951800291 1.1982007393304726 30.0
-0.4328146204911136 1.1743332685644667 30.05
-0.374622627511495 1.1539567584676396 30.1
-0.3173555129330765 1.1373832684652534 30.150000000000002
-0.26081698677897047 1.1248462386582363 30.200000000000003
-0.20480081616683557 1.1165116177443948 30.25
-0.1490939671980609 1.1124868039133509 30.3
-0.09347935480630365 1.1128273864544223 30.35
-0.03773831021299041 1.1175417032132102 30.400000000000002
0.018347125316424816 1.1265932339194475 30.450000000000003
0.0749919725407544 1.139900840478391 30.5
0.13240604444823426 1.1573368501712327 30.55
0.19079152633230803 1.1787229633991303 30.6
0.25034029634542304 1.203823961223264 30.650000000000002
0.31123087604953664 1.2323391972121203 30.700000000000003
0.37362490042864366 1.2638918918538609 30.75
0.4376629992870702 1.298016316380063 30.8
0.5034599889624856 1.3341430682454658 30.85
0.5710992875023706 1.3715828159527257 30.900000000000002
0.6406264912281069 1.4095091398367952 30.950000000000003
0.7120420899178906 1.44694142932113 31.0
0.785293356108425 1.4827292219502715 31.05
0.8602655257229621 1.5155398800688953 31.1
0.9367724961725672 1.5438520736974501 31.150000000000002
1.0145474062058626 1.5659581215837426 31.200000000000003
1.0932336275943206 1.5799787479395375 31.25
1.1723768852023946 1.5838941067763945 31.3
1.2514194142621282 1.575594830728215 31.35
1.3296972370889055 1.5529561659265236 31.400000000000002
1.4064417606466295 1.5139367479566483 31.450000000000003
1.4807869165018233 1.4567011026892953 31.5
1.5517829364222657 1.3797615050978675 31.55
1.6184175354684056 1.2821306152239134 31.6
1.679644733422691 1.1634718550420942 31.650000000000002
1.7344207925592035 1.024230634956383 31.700000000000003
1.7817458412905038 0.8657273544810089 31.75
1.820708800201612 0.6901936638380093 31.8
1.8505323875108488 0.5007375278752332 31.85
1.8706144346504574 0.3012302389979078 31.900000000000002
1.8805616492035515 0.09611881048932167 31.950000000000003
1.8802124145954064 -0.1098216332052529 32.0
1.8696462015996316 -0.31177109622398513 32.050000000000004
1.849178556331233 -0.5051531324156869 32.1
1.8193421974239776 -0.6858970874434603 32.15
1.7808562319750927 -0.850647281491923 32.2
1.7345866385806148 -0.9969010201936795 32.25
1.6815018009685283 -1.1230683078994188 32.300000000000004
1.6226269561716595 -1.228456960412183 32.35
1.5590010081411267 -1.3131954563959563 32.4
1.4916383939164497 -1.3781111369403212 32.45
1.4214977531484392 -1.424583027594684 32.5
1.3494582119366858 -1.4543871719073547 32.550000000000004
1.2763032770303016 -1.4695489373351003 32.6
1.2027117207750084 -1.4722123870252652 32.65
1.1292544433083378 -1.4645324388358483 32.7
1.0563961095169132 -1.4485917870274292 32.75
0.9845003338428623 -1.426341753824473 32.800000000000004
0.9138372770796355 -1.3995644194125147 32.85
0.844592678769329 -1.3698524326059027 32.9
0.7768775378859798 -1.338602630926731 32.95
0.7107378449423725 -1.3070197825592142 33.0
0.6461639425646094 -1.2761272122516079 33.050000000000004
0.5830992395517228 -1.246781640096308 33.1
0.5214481223683224 -1.219690143356913 33.15
0.4610829989050198 -1.1954276843900524 33.2
0.4018504755057308 -1.1744541004258253 33.25
0.34357671404158513 -1.1571298131533685 33.300000000000004
0.28607204570258643 -1.1437297906522748 33.35
0.22913493632683046 -1.1344554913372347 33.4
0.17255540804507188 -1.1294446523442179 33.45
0.1161180266646443 -1.1287788666850218 33.5
0.05960456577542467 -1.1324889370671118 33.550000000000004
0.0027964586658979843 -1.1405580105449713 33.6
-0.05452285108928684 -1.1529224966579317 33.65
-0.11256554939086463 -1.169470760751364 33.7
-0.171536970003989 -1.1900395714192205 33.75
-0.23163287858440032 -1.2144082739876336 33.800000000000004
-0.2930364080408002 -1.2422906687190958 33.85
-0.355914530490868 -1.2733246020452216 33.9
-0.42041395289673594 -1.3070593422104833 33.95
-0.48665632953596366 -1.342940919483718 34.0
-0.5547326973988849 -1.380295779261663 34.050000000000004
-0.6246970637285382 -1.4183133381482753 34.1
-0.6965591122452092 -1.4560283611652691 34.15
-0.7702760506645355 -1.4923045004145026 34.2
-0.8457437016253632 -1.525820849265172 34.25
-0.9227870462563315 -1.5550639512076332 34.300000000000004
-1.0011505668434129 -1.578328311487338 34.35
-1.0804889016666186 -1.5937290077853796 34.4
-1.1603585149513518 -1.5992303530985912 34.45
-1.2402112841924124 -1.592694551149674 34.5
-1.3193910920741105 -1.5719536859036787 34.550000000000004
-1.3971346458652187 -1.5349069781453515 34.6
-1.4725777882670488 -1.4796428478197046 34.65
-1.5447684590718707 -1.4045818952913023 34.7
-1.6126871684720205 -1.3086326390372425 34.75
-1.675275318845891 -1.1913472138464718 34.800000000000004
-1.7314709639088317 -1.0530600740875262 34.85
-1.7802506725822997 -0.8949901554992374 34.9
-1.8206751772417593 -0.7192870689534349 34.95
-1.8519355910295294 -0.5290055826650149 35.0
-1.8733963627976564 -0.3280000746954146 35.050000000000004
-1.8846309729552022 -0.12074103131604189 35.1
-1.8854467673189008 0.08793271965380997 35.15
-1.8758962816676967 0.29310191085319004 35.2
-1.856273806828206 0.49006387887365865 35.25
-1.8270975576028485 0.6746061470134248 35.300000000000004
-1.7890793599217218 0.8432279964802735 35.35
-1.7430849960323074 0.9932901785215409 35.4
-1.6900890636010615 1.1230841929661557 35.45
-1.6311283449166496 1.231823911618175 35.5
-1.5672572998881724 1.3195715837365902 35.550000000000004
-1.4995085335012754 1.387116084363103 35.6
-1.4288601290060283 1.4358233191822813 35.65
-1.3562107608311145 1.4674775002483982 35.7
-1.2823626442980718 1.484128582018013 35.75
-1.2080117248542344 1.4879566540257914 35.800000000000004
-1.1337440851562337 1.4811595229096508 35.85
-1.0600373388893911 1.4658657679038682 35.9
-0.9872657449253692 1.4440725687647675 35.95
-0.9157078634070082 1.417605653471575 36.0
-0.845555737213817 1.38809768097518 36.050000000000004
-0.7769247769454597 1.3569810563107096 36.1
-0.7098637250256155 1.325491345752515 36.15
-0.6443642555633475 1.2946779163295077 36.2
-0.5803699210445816 1.265419009130665 36.25
-0.5177842812734259 1.238439059723443 36.300000000000004
-0.456478145140895 1.2143266344747126 36.35
-0.39629592516212886 1.1935518242795675 36.4
-0.33706115279290955 1.1764823156929558 36.45
-0.27858123399886925 1.1633976464836389 36.5
-0.2206515437394759 1.1545013586567483 36.550000000000004
-0.16305896865780867 1.1499309007261593 36.6
-0.10558501234431622 1.1497652166588996 36.65
-0.0480085793864737 1.1540300046927008 36.7
0.00989144527946828 1.1627006468427037 36.75
0.06833370528543109 1.175702809533479 36.800000000000004
0.12753185339503093 1.192910706406241 36.85
0.18769188637843623 1.2141430043020436 36.9
0.24900921580360857 1.2391563510293881 36.95
0.3116653555448596 1.2676365177132438 37.0
0.375824107336617 1.299187189382344 37.050000000000004
0.44162712917628133 1.3333165166353127 37.1
0.5091887800473783 1.3694216720310806 37.15
0.5785901512333212 1.4067718517662773 37.2
0.6498722230931792 1.4444904406213905 37.25
0.7230281309114011 1.4815374278276447 37.300000000000004
0.7979945890884603 1.5166936283067962 37.35
0.8746426142292483 1.548548819366366 37.4
0.9527678084136899 1.57549651741425 37.45
1.03208061565102 1.5957387307567175 37.5
1.1121971446720649 1.6073045291661303 37.550000000000004
1.192631350844211 1.6080865157495505 37.6
1.272789571279604 1.5958990714928074 37.65
1.3519685814512916 1.5685613375954515 37.7
1.4293584486760218 1.5240060860703226 37.75
1.5040514481845824 1.4604127650777823 37.800000000000004
1.5750581285834562 1.3763591240611874 37.85
1.6413312207130903 1.2709812279634796 37.9
1.7017974561494866 1.1441270039940103 37.95
1.7553965186283391 0.9964847065446591 38.0
1.801125368011458 0.8296660141223469 38.050000000000004
1.8380851849750426 0.6462249873180418 38.1
1.865527363508907 0.44959946057631617 38.15
1.8828945183035897 0.24397042352579182 38.2
1.889852530905336 0.034046350620566046 38.25
1.886310302907012 -0.17520886715946574 38.300000000000004
1.8724250675260459 -0.37887630018768026 38.35
1.8485926606178518 -0.5723776528599811 38.400000000000006
1.8154238070130255 -0.7517340260732581 38.45
1.7737089502027807 -0.9137619073199967 38.5
1.7243752005198973 -1.0561908363361785 38.550000000000004
1.6684394589319225 -1.1776990630594582 38.6
1.6069616761694872 -1.2778744395763182 38.650000000000006
1.5410016286638948 -1.3571158554945937 38.7
1.4715817042107304 -1.4164948024511228 38.75
1.3996571830284872 -1.4575972063989011 38.800000000000004
1.326094542209321 -1.4823633034304362 38.85
1.2516575209718035 -1.4929392133940849 38.900000000000006
1.1770001192836406 -1.4915491308816693 38.95
1.1026653703025362 -1.4803925996429241 39.0
1.0290885984763227 -1.461567711948884 39.050000000000004
0.9566039018826861 -1.437018499003001 39.1
0.8854527268319817 -1.4085032272322504 39.150000000000006
0.8157935875354811 -1.377579618254202 39.2
0.7477121866416353 -1.3456029397209148 39.25
0.6812313880607977 -1.313733245237432 39.300000000000004
0.6163206665485154 -1.2829485859297525 39.35
0.5529048020171383 -1.2540616347914706 39.400000000000006
0.49087169925783825 -1.2277377661557232 39.45
0.43007929799202305 -1.2045131644216296 39.5
0.37036159808186236 -1.184811975382374 39.550000000000004
0.3115338651039248 -1.1689618561729656 39.6
0.2533971070075468 -1.157207533226748 39.650000000000006
0.19574192740055352 -1.1497221544655005 39.7
0.13835186859433335 -1.1466163368068014 39.75
0.08100636063777816 -1.1479448771509952 39.800000000000004
0.02348339323736561 -1.1537111271150962 39.85
-0.0344379728378296 -1.1638690400495724 39.900000000000006
-0.09297513858703602 -1.1783228929603833 39.95
-0.15233942741580234 -1.196924674486864 40.0
-0.2127333564606091 -1.219469121238621 40.050000000000004
-0.2743476005842569 -1.245686386948726 40.1
-0.33735753070251523 -1.27523235124047 40.150000000000006
-0.40191920961596445 -1.3076766278320253 40.2
-0.4681647337019285 -1.34248842783137 40.25
-0.5361968201455618 -1.3790205860413212 40.300000000000004
-0.6060825600390494 -1.4164922813448408 40.35
-0.677846291545716 -1.4539712898306993 40.400000000000006
-0.7514615988988861 -1.4903570109392252 40.45
-0.8268425170534092 -1.5243660032775936 40.5
-0.9038341227728917 -1.5545223426890489 40.550000000000004
-0.9822028239169486 -1.5791557304778057 40.6
-1.061626819940611 -1.5964108589210761 40.650000000000006
-1.141687393525633 -1.6042719642631311 40.7
-1.2218618939950612 -1.6006065952196664 40.75
-1.3015194663073302 -1.5832321861315393 40.800000000000004
-1.3799207324075384 -1.5500078192584061 40.85
-1.4562227010469744 -1.498951393677778 40.900000000000006
-1.52949011692175 -1.4283792018546935 40.95
-1.5987142095705393 -1.3370607682050584 41.0
-1.662839329438229 -1.2243771439908058 41.050000000000004
-1.7207972548406307 -1.0904664418462058 41.1
-1.771548057239715 -0.9363372902511635 41.150000000000006
-1.814125418104657 -0.7639302660778263 41.2
-1.8476833485825004 -0.5761101896061603 41.25
-1.871540558248803 -0.37657881525360126 41.300000000000004
-1.885218433099127 -0.16970737920527543 41.35
-1.888468844631497 0.039699884479098224 41.400000000000006
-1.8812888516065218 0.2466890945197164 41.45
-1.8639206807405477 0.44645681720572594 41.5
-1.8368369753248557 0.6346338505231359 41.550000000000004
-1.800712906129677 0.8075224715606903 41.6
-1.7563880708107953 0.9622648027987519 41.650000000000006
-1.704821957679336 1.0969309751175276 41.7
-1.6470470216136335 1.2105274335689211 41.75
-1.5841231421188386 1.302935716114092 41.800000000000004
-1.5170965335629019 1.374798760117691 41.85
-1.4469652367104775 1.4273746928098794 41.900000000000006
-1.37465232428444 1.4623774989487048 41.95
-1.300987052311989 1.4818208915231763 42.0
-1.2266934795139495 1.4878773119998159 42.050000000000004
-1.1523855980446973 1.482759319274039 42.1
-1.0785677632529733 1.4686264603689583 42.150000000000006
-1.00563914076745 1.4475174749804294 42.2
-0.9339009556796325 1.4213054945006096 42.25
-0.8635654798620523 1.3916726704045859 42.300000000000004
-0.7947658858288299 1.360100211659264 42.35
-0.7275662961964872 1.3278698971875766 42.400000000000006
-0.6619715450944441 1.296073545260775 42.45
-0.5979363297821025 1.2656274969845969 42.5
-0.5353735625057168 1.2372897847512603 42.550000000000004
-0.47416183442847626 1.2116782323596236 42.6
-0.4141519783313471 1.1892882306561245 42.650000000000006
-0.35517276911942947 1.1705093354036769 42.7
-0.29703583573340003 1.155640143088865 42.75
-0.2395398793408971 1.14490112495342 42.800000000000004
-0.1824743045627705 1.138445253141727 42.85
-0.12562237616261934 1.1363663498671965 42.900000000000006
-0.06876401558005915 1.1387051444888796 42.95
-0.01167835176223591 1.145453046380992 43.0
0.04585385977162976 1.1565536438418422 43.050000000000004
0.10404783600962425 1.1719019300154927 43.1
0.163112269774345 1.1913412439912716 43.150000000000006
0.22324662256233324 1.2146579067109804 43.2
0.28463809116864575 1.2415735351877641 43.25
0.3474581320678235 1.2717350438749286 43.300000000000004
0.4118584292381687 1.3047023992543292 43.35
0.4779661967389526 1.3399342949089847 43.400000000000006
0.5458787194116592 1.3767720730413262 43.45
0.615657056806896 1.4144224487911625 43.5
0.6873188707594258 1.451939908830855 43.550000000000004
0.7608303904251786 1.4882100642128997 43.6
0.8360976047575014 1.521935738501704 43.650000000000006
0.9129568756143586 1.5516281483854957 43.7
0.9911652977568332 1.5756061420070582 43.75
1.0703912947073255 1.5920070210304778 43.800000000000004
1.1502061265215229 1.5988128620984146 43.85
1.230077184327347 1.5938962998474258 43.900000000000006
1.3093641346657912 1.5750892251066024 43.95
1.3873191208193314 1.540276563426307 44.0
1.4630922844819407 1.4875150450060672 44.050000000000004
1.5357437886483765 1.4151735895754989 44.1
1.604263252360775 1.322087754512989 44.150000000000006
1.6675970153539323 1.2077160784224763 44.2
1.7246829319507833 1.0722818821610178 44.25
1.7744914918795769 0.916881231017903 44.300000000000004
1.81607108063421 0.743537465732866 44.35
1.848594276244438 0.5551858862581144 44.400000000000006
1.8714014169838227 0.35557910802318804 44.45
1.8840374418299788 0.14911366822480968 44.5
1.8862783215933296 -0.05940998652052837 44.550000000000004
1.878144281882563 -0.2650712820182465 44.6
1.8598983656257415 -0.46312677507558486 44.650000000000006
1.832030479739854 -0.6492882363091406 44.7
1.7952286429943474 -0.8199522199733483 44.75
1.7503404314667215 -0.9723599474215211 44.800000000000004
1.6983284074215865 -1.1046773764811686 44.85
1.6402235341213403 -1.2159967845765027 44.900000000000006
1.577080260943982 -1.3062708118090973 44.95
1.5099362427051068 -1.3761962240642462 45.0
1.4397787152543573 -1.427067198530286 45.050000000000004
1.367518567416118 -1.4606171241879278 45.1
1.2939722718427504 -1.4788647259177 45.150000000000006
1.2198511541789632 -1.483975919068353 45.2
1.145757025305864 -1.4781482102342167 45.25
1.0721829651647607 -1.4635204095451044 45.300000000000004
0.9995179905996029 -1.4421073011105678 45.35
0.92805441362822 -1.4157568339710562 45.400000000000006
0.8579968505791287 -1.3861262516717765 45.45
0.7894720342807205 -1.354673177244407 45.5
0.7225387794536084 -1.3226577863880724 45.550000000000004
0.6571976350686783 -1.2911526285840635 45.6
0.5933999154415961 -1.2610572298060772 45.650000000000006
0.5310559299799638 -1.2331152155914091 45.7
0.47004233019467184 -1.207932257179052 45.75
0.4102085649651995 -1.1859936280477894 45.800000000000004
0.35138248550735146 -1.1676805494553528 45.85
0.2933751747168992 -1.1532848027019622 45.900000000000006
0.23598509594372974 -1.1430213024800813 45.95
0.1790016675864413 -1.1370384732096308 46.0
0.12220837528744918 -1.1354263628387842 46.050000000000004
0.06538553536373656 -1.1382224795047624 46.1
0.008312823211060888 -1.1454153574507657 46.150000000000006
-0.049228319994506824 -1.1569458598276596 46.2
-0.10745228914106214 -1.1727062162964934 46.25
-0.16656681199023493 -1.1925367806910847 46.300000000000004
-0.22677022640082675 -1.216220486169226 46.35
-0.28824842234400694 -1.243474980434629 46.400000000000006
-0.35117133278487206 -1.2739424508729396 46.45
-0.4156888593347865 -1.3071772093617482 46.5
-0.4819261244714865 -1.3426312112809136 46.550000000000004
-0.5499779546583865 -1.3796378465136425 46.6
-0.6199025211523328 -1.4173945762217868 46.650000000000006
-0.691714101641016 -1.4549453108176038 46.7
-0.7653749806151631 -1.491163840095878 46.75
-0.8407865842664034 -1.5247401343206892 46.800000000000004
-0.9177800509433515 -1.554171916359921 46.85
-0.9961065734684121 -1.5777645144251995 46.900000000000006
-1.0754280144481656 -1.5936425606455369 46.95
-1.1553084844294177 -1.5997774753102456 47.0
-1.2352077721130241 -1.5940346947255095 47.050000000000004
-1.3144777027691867 -1.5742440477962234 47.1
-1.392362641278139 -1.5382953377522117 47.150000000000006
-1.4680054051877969 -1.4842588595765258 47.2
-1.5404597598295415 -1.4105272233693702 47.25
-1.6087103831049097 -1.3159706222815637 47.300000000000004
-1.6717006788395807 -1.2000930507285523 47.35
-1.7283680834393427 -1.0631727547016516 47.400000000000006
-1.7776855976967512 -0.906367463492004 47.45
-1.8187072876435437 -0.7317648602534673 47.5
-1.8506145913567482 -0.5423621810745343 47.550000000000004
-1.8727596281008498 -0.3419660233728411 47.6
-1.884701506604591 -0.13501368784191048 47.650000000000006
-1.886231984649712 0.07367101666461695 47.7
-1.8773877530512584 0.27916397677955773 47.75
-1.8584479912630474 0.4767382915907644 47.800000000000004
-1.8299174497075141 0.6621404220089394 47.85
-1.792496878159076 0.8318159851211046 47.900000000000006
-1.7470438736243101 0.9830646586832479 47.95
-1.6945279745685196 1.1141148427099696 48.0
-1.6359840064090008 1.224120149421154 48.050000000000004
-1.5724673316092657 1.3130892446656166 48.1
-1.5050139142302643 1.3817666373884816 48.150000000000006
-1.4346071564248055 1.4314843084140842 48.2
-1.3621524832457772 1.464003057184937 48.25
-1.2884597839178908 1.4813591305862965 48.300000000000004
-1.214233148451807 1.4857272409473812 48.35
-1.1400668988927984 1.479306495505081 48.400000000000006
-1.0664466918645656 1.464231755401042 48.45
-0.993754423791562 1.442509888246785 48.5
-0.9222757516111502 1.4159783601794136 48.550000000000004
-0.8522092001551578 1.3862825262713645 48.6
-0.7836760209478034 1.3548676202149825 48.650000000000006
-0.7167301651419526 1.322981589220721 48.7
-0.651367915810845 1.291685363533456 48.75
-0.5875368811295939 1.2618677308669528 48.800000000000004
-0.5251441762618808 1.2342625915992564 48.85
-0.4640637186842152 1.209466931017873 48.900000000000006
-0.40414263251060495 1.1879583240735179 48.95
-0.3452068065841343 1.170111173298691 49.0
-0.28706568337250804 1.1562111738168594 49.050000000000004
-0.22951637540862066 1.1464677108181465 49.1
-0.17234721691389115 1.1410240380808683 49.150000000000006
-0.11534086338791064 1.1399651752586861 49.2
-0.058277053709006654 1.1433235099879862 49.25
-9.35149407462664E-4 1.1510821101055848 49.300000000000004
0.05690343455776134 1.1631757515218022 49.35
0.11545279324337515 1.1794896574173779 49.400000000000006
0.1749199745893281 1.1998559325169613 49.45
0.23550218590738917 1.224047670177005 49.5
0.29738364720427934 1.2517707183215423 49.550000000000004
0.3607319745352263 1.2826531223170954 49.6
0.4256939789873439 1.3162323296280198 49.650000000000006
0.49239077375950835 1.3519403551184108 49.7
0.5609120958448117 1.3890872811178545 49.75
0.6313097734542655 1.4268437171478168 49.800000000000004
0.7035903096498333 1.4642231830437036 49.85
0.7777066112946094 1.5000658132065336 49.900000000000006
0.8535489750987294 1.533025304950211 49.95
0.9309355533327073 1.5615616276635012 50.0
1.0096026629835726 1.5839426206698766 50.050000000000004
1.0891954725509527 1.598258146510297 50.1
1.169259793495815 1.6024507964327181 50.150000000000006
1.2492359036972862 1.5943670816305207 50.2
1.328455513060097 1.5718323666734373 50.25
1.4061431102655666 1.5327512868322715 50.300000000000004
1.4814229580987848 1.475232870863706 50.35
1.553332881085305 1.3977360386074924 50.400000000000006
1.6208456658480406 1.2992267707695833 50.45
1.6828983425491069 1.179333589175541 50.5
1.7384288411676125 1.0384839122070182 50.550000000000004
1.786418575855719 0.8780014834073722 50.6
1.825938518624363 0.700145549635155 50.650000000000006
1.856195444690043 0.5080765917883399 50.7
1.876574454183165 0.30574127188514144 50.75
1.8866737671991316 0.09767996184716712 50.800000000000004
1.8863282504180539 -0.1112280956503055 50.85
1.8756191528771409 -0.3160567241407346 50.900000000000006
1.854868971388082 -0.5121302001920554 50.95
1.8246219965609813 -0.695293475648523 51.0
1.7856126257842242 -0.8621273092420907 51.050000000000004
1.7387247108927604 -1.0100895600737518 51.1
1.6849458628288672 -1.137575380555951 51.150000000000006
1.6253207109590595 -1.24390032993962 51.2
1.5609066766495854 -1.329219396808022 51.25
1.4927350200713432 -1.3944003344278566 51.300000000000004
1.4217789431653731 -1.4408713526611887 51.35
1.3489295567042234 -1.4704616772670354 51.400000000000006
1.2749796784536644 -1.4852498513689745 51.45
1.2006147984477649 -1.4874300748013083 51.5
1.1264101480124113 -1.4792023281554112 51.550000000000004
1.0528326222326623 -1.4626881588834177 51.6
0.9802462879719465 -1.4398711296463091 51.650000000000006
0.9089203097047243 -1.4125590869390778 51.7
0.8390382943183958 -1.382364470005805 51.75
0.7707082536085157 -1.3506986332478903 51.800000000000004
0.703972580580425 -1.318776373232806 51.85
0.6388176147793709 -1.287627335220365 51.900000000000006
0.5751825234311613 -1.2581115708977686 51.95
0.5129673463470731 -1.2309371240208413 52.0
0.45204014464693343 -1.206678070921417 52.050000000000004
0.392243260009428 -1.1857919072367744 52.1
0.33339873696645417 -1.1686355414577767 52.150000000000006
0.27531299041530466 -1.1554794340775496 52.2
0.2177808183215753 -1.1465196194245368 52.25
0.16058886917706672 -1.1418874796616347 52.300000000000004
0.10351867809831294 -1.1416572211275617 52.35
0.046349386754770246 -1.145851045269352 52.400000000000006
-0.011139737761406296 -1.154442021337353 52.45
-0.06916687036580271 -1.1673546656969485 52.5
-0.12794516694445535 -1.1844632217733646 52.550000000000004
-0.18768015948477693 -1.2055876233562313 52.6
-0.24856689100531085 -1.2304871202846546 52.650000000000006
-0.3107866730914496 -1.2588515580341615 52.7
-0.3745033492513589 -1.2902903411983726 52.75
-0.4398589505182766 -1.3243191866019586 52.800000000000004
-0.5069686379227457 -1.3603448977318704 52.85
-0.5759148425022603 -1.3976485824849703 52.900000000000006
-0.6467405409822635 -1.435368005053426 52.95
-0.7194416483877831 -1.4724801218375996 53.0
-0.7939585723114774 -1.5077853058583597 53.050000000000004
-0.8701670620338278 -1.5398953069795789 53.1
-0.9478686029840419 -1.5672275983551098 53.150000000000006
-1.0267807548428334 -1.5880093642594824 53.2
-1.1065280077072621 -1.6002948915308517 53.25
-1.186633926805452 -1.6020003891293941 53.300000000000004
-1.26651555534943 -1.5909600838173563 53.35
-1.345481219749967 -1.5650065997544418 53.400000000000006
-1.4227329928095782 -1.5220769081589118 53.45
-1.4973750704786017 -1.4603423848649353 53.5
-1.5684291545059175 -1.3783577552919022 53.550000000000004
-1.6348575619828092 -1.2752192141302627 53.6
-1.6955941804248986 -1.1507173887025643 53.650000000000006
-1.7495825696205476 -1.0054670094903313 53.7
-1.7958195479721333 -0.8409933085587098 53.75
-1.8334016180203152 -0.659756385406416 53.800000000000004
-1.8615707558914993 -0.46509973912524627 53.85
-1.8797556006778653 -0.2611177545300205 53.900000000000006
-1.8876040900410662 -0.05244803274973023 53.95
-1.8850041756592717 0.1559939559500636 54.0
-1.872090378881653 0.3593108443546984 54.050000000000004
-1.8492354533993411 0.5529176119242197 54.1
-1.8170280562233745 0.7328020338008034 54.150000000000006
-1.7762388071343067 0.8957250735347714 54.2
-1.7277781951193374 1.0393448461522923 54.25
-1.672650319682156 1.16225943159794 54.300000000000004
-1.611906409906921 1.2639747573621662 54.35
-1.5466015326351166 1.3448120386161617 54.400000000000006
-1.4777570461543628 1.4057738489420986 54.45
-1.406330365931161 1.448388774200194 54.5
-1.3331926533705152 1.4745525138836098 54.550000000000004
-1.259114238541965 1.4863793577152435 54.6
-1.1847570067035031 1.4860733190943103 54.650000000000006
-1.110672627753129 1.475823761336 54.7
-1.0373053616321903 1.4577266815343832 54.75
-0.9649981850655869 1.4337301673548666 54.800000000000004
-0.8940011040164368 1.4056009107733312 54.85
-0.8244806944013836 1.3749078938728987 54.900000000000006
-0.756530113234274 1.3430192344952034 54.95
-0.6901790170191925 1.3111084706578167 55.0
-0.6254029979009919 1.2801670823991163 55.050000000000004
-0.5621322931323345 1.2510206557754175 55.1
-0.5002596380733445 1.2243466911462229 55.150000000000006
-0.43964721916067895 1.2006925914449695 55.2
-0.38013274500128696 1.1804928102649943 55.25
-0.32153469564198145 1.1640844885547847 55.300000000000004
-0.2636568367810139 1.151721168609441 55.35
-0.20629210138951504 1.143584356946319 55.400000000000006
-0.14922594939689715 1.1397928277578315 55.45
-0.09223931955053744 1.1404096299752065 55.5
-0.035111288399491715 1.1454467962943584 55.550000000000004
0.02237844890839974 1.1548677629057893 55.6
0.08044716168572003 1.1685875037201434 55.650000000000006
0.13930661619706589 1.1864703710785496 55.7
0.1991604424699462 1.2083256242367792 55.75
0.2602012192817536 1.2339006253559108 55.800000000000004
0.3226071604799889 1.2628716990593936 55.85
0.3865382865613051 1.2948326957960505 55.900000000000006
0.45213196934576594 1.329281382829737 55.95
0.5194977469288306 1.365603922809164 56.0
0.5887113238558438 1.4030579027730319 56.050000000000004
0.6598077013337857 1.4407546599982939 56.1
0.7327734285977464 1.4776420261831575 56.150000000000006
0.8075380339921565 1.5124890815815546 56.2
0.8839647874782902 1.543875065588179 56.25
0.9618410686759311 1.5701851972986787 56.300000000000004
1.0408687673272286 1.5896167537564592 56.35
1.1206553231064988 1.6001992278189423 56.400000000000006
1.20070620931107 1.599832586482256 56.45
1.2804198615365154 1.5863473735760603 56.5
1.3590862185473735 1.5575894215663346 56.550000000000004
1.4358901376481095 1.5115300461080845 56.6
1.5099209217199725 1.4463996708131708 56.650000000000006
1.5801889984002075 1.3608389239577414 56.7
1.645650381598812 1.254056693301271 56.75
1.7052389044254008 1.125980086670538 56.800000000000004
1.7579053650140872 0.977377709988591 56.85
1.8026617515994316 0.8099363007391757 56.900000000000006
1.8386277460946805 0.6262725934517218 56.95
1.8650759238745491 0.4298679077081907 57.0
1.8814716573100914 0.22492206083300367 57.050000000000004
1.88750383864777 0.01613452936748122 57.1
1.8831032236562728 -0.19156782979996195 57.150000000000006
1.8684464018149036 -0.3933282379615223 57.2
1.8439449433607178 -0.5846499958845337 57.25
1.8102208969472604 -0.761647678026051 57.300000000000004
1.7680712329484591 -0.9212347978690517 57.35
1.718424815644224 -1.0612335663890506 57.400000000000006
1.6622959149968253 -1.1804040323468243 57.45
1.6007381312947049 -1.2784004581491377 57.5
1.534802007364372 -1.3556704421073493 57.550000000000004
1.4654987138537574 -1.413316211302303 57.6
1.393771200730253 -1.4529378110260802 57.650000000000006
1.3204732746008971 -1.4764754352770917 57.7
1.2463562978898404 -1.4860640200965272 57.75
1.1720626659329796 -1.4839085672732528 57.800000000000004
1.0981249055921516 -1.4721843337376312 57.85
1.024969123697381 -1.4529625252621443 57.900000000000006
0.9529215676254342 -1.4281596691511944 57.95
0.8822171921128308 -1.3995073733991674 58.0
0.8130093100632342 -1.3685385374827401 58.050000000000004
0.7453796049186252 -1.3365860384776078 58.1
0.6793479736463413 -1.3047902569485377 58.150000000000006
0.6148818381665576 -1.2741123483866792 58.2
0.5519047026206341 -1.2453507742583767 58.25
0.4903038432725942 -1.2191591946533584 58.300000000000004
0.42993709943261893 -1.1960643427440412 58.35
0.3706387917113132 -1.1764829282526799 58.400000000000006
0.31222483285885827 -1.1607369496190851 58.45
0.2544971209848048 -1.149067039985877 58.5
0.197247319143787 -1.1416436430777201 58.550000000000004
0.14026013247889546 -1.1385759257842492 58.6
0.08331619699938386 -1.1399183985828405 58.650000000000006
0.026194694635757847 -1.1456752452862566 58.7
-0.031324191114282154 -1.1558023707566794 58.75
-0.08945686494000385 -1.170207168523094 58.800000000000004
-0.14841384066021154 -1.1887459979958248 58.85
-0.20839707835357257 -1.2112193510789475 58.900000000000006
-0.2695970216181748 -1.2373646885153327 58.95
-0.3321892183135851 -1.2668469461278808 59.0
-0.39633040923285306 -1.2992467604116547 59.050000000000004
-0.462153973689148 -1.3340465534638337 59.1
-0.5297646313720419 -1.3706147623549516 59.150000000000006
-0.5992323191164654 -1.4081887120120107 59.2
-0.670585193224033 -1.4458569271283033 59.25
-0.7438017570812382 -1.4825420676320986 59.300000000000004
-0.8188021847553205 -1.5169861557511246 59.35
-0.895439008495025 -1.5477403276946124 59.400000000000006
-0.973487464895183 -1.5731619526995968 59.45
-1.052635951535063 -1.591422546045439 59.5
-1.1324772292238703 -1.6005303466723837 59.550000000000004
-1.2125012037305984 -1.5983715718308347 59.6
-1.2920903149276022 -1.5827739948476345 59.650000000000006
-1.3705187195617472 -1.551595390558875 59.7
-1.4469565343371387 -1.5028373545009792 59.75
-1.5204803586324016 -1.4347819237960542 59.800000000000004
-1.5900910702468725 -1.3461444001556397 59.85
-1.6547394436808744 -1.2362311753200756 59.900000000000006
-1.7133594664910285 -1.1050869037122617 59.95
-1.764908357010166 -0.9536120790503554 60.0
-1.8084113036192475 -0.783631114625189 60.050000000000004
-1.8430079948610065 -0.5978934028679421 60.1
-1.8679972721391493 -0.3999959968645268 60.150000000000006
-1.8828758956606009 -0.19422609241120128 60.2
-1.8873676063081024 0.014667037139186018 60.25
-1.8814394346639722 0.22174982473333255 60.300000000000004
-1.8653034758147364 0.42220269826803614 60.35
-1.8394039213641917 0.611606084215875 60.400000000000006
-1.8043907498797223 0.7861834632806807 60.45
-1.761082846116488 0.9429781125608818 60.5
-1.7104242295861398 1.0799508584852628 60.550000000000004
-1.6534374145855697 1.195997804330851 60.6
-1.5911777101105962 1.2908972185484462 60.650000000000006
-1.524691615615736 1.3652018997435527 60.7
-1.454981553312689 1.4200966860845594 60.75
-1.3829781855131527 1.4572406067438322 60.800000000000004
-1.3095206519421003 1.4786103788097487 60.85
-1.2353443296030528 1.486357690561605 60.900000000000006
-1.161075212228765 1.4826880627685193 60.95
-1.0872297254415118 1.4697648490239335 61.0
-1.0142187035721109 1.449638587336109 61.050000000000004
-0.9423543055187106 1.4241996052894363 61.1
-0.8718587889615415 1.395150448237806 61.150000000000006
-0.8028742501078981 1.363994160212277 61.2
-0.7354726358715659 1.332034474527638 61.25
-0.6696655241191375 1.3003843510377964 61.300000000000004
-0.6054133322713412 1.2699798548158268 61.35
-0.542633749597729 1.241596980311276 61.400000000000006
-0.4812092936153929 1.2158696046472022 61.45
-0.4209939688258844 1.1933072590593885 61.5
-0.3618190608595422 1.1743118202458307 61.550000000000004
-0.3034981356579413 1.1591925423132676 61.6
-0.24583133612265412 1.148179083535941 61.650000000000006
-0.1886090816472077 1.1414323432944773 61.7
-0.13161528239182638 1.1390530276044222 61.75
-0.07463018261677368 1.1410879202234512 61.800000000000004
-0.017432947771506446 1.147533862632212 61.85
0.040195890313248515 1.158339450770625 61.900000000000006
0.09847201601292768 1.1734044484378272 61.95
0.15760482584796642 1.1925769049632542 62.0
0.217794722476455 1.2156479560242597 62.050000000000004
0.27923009039511726 1.2423442895035308 62.1
0.3420838365860067 1.272318282108354 62.150000000000006
0.4065093808548198 1.3051358675408962 62.2
0.4726359858974406 1.3402622953755794 62.25
0.5405633287033892 1.3770460950392138 62.300000000000004
0.6103552359596955 1.414701785721862 62.35
0.6820325405587645 1.4522921839917142 62.400000000000006
0.75556506862047 1.4887115655197547 62.45
0.8308628413492405 1.522671435694211 62.5
0.9077666779298724 1.552691239860941 62.550000000000004
0.9860385174898998 1.57709695597922 62.6
1.0653519399694438 1.5940310836037095 62.650000000000006
1.1452835526520746 1.6014779516181228 62.7
1.2253061089316624 1.5973083427930668 62.75
1.3047844168188094 1.5793469644176499 62.800000000000004
1.3829752437987668 1.5454650538059225 62.85
1.4590324882693329 1.493698203591495 62.900000000000006
1.5320188151062917 1.4223862457029905 62.95
1.6009246940068516 1.3303278752544854 63.0
1.6646952979316607 1.2169380561270833 63.050000000000004
1.7222650090368874 1.0823919012291534 63.1
1.7725983811395272 0.9277357240598575 63.150000000000006
1.8147354178644373 0.7549454769344918 63.2
1.8478380952171602 0.5669157674952122 63.25
1.8712343709783021 0.36736941551288504 63.300000000000004
1.8844556603185045 0.16068749253330297 63.35
1.8872640420862994 -0.0483286083219342 63.400000000000006
1.8796663184247275 -0.25474062030786326 63.45
1.8619133840147974 -0.4537721832280115 63.5
1.8344849609008174 -0.6410900857880762 63.550000000000004
1.798061345485325 -0.8130381373446458 63.6
1.753485123072183 -0.9668018364292935 63.650000000000006
1.7017166287794152 -1.1004930314885255 63.7
1.6437871817247705 -1.2131553414085432 63.75
1.5807538243953927 -1.304700926291975 63.800000000000004
1.5136585906220519 -1.3757957443667963 63.85
1.4434943846633983 -1.4277131770481586 63.900000000000006
1.3711785640935914 -1.4621752356999462 63.95
1.297534428637302 -1.481197447832277 64.0
1.2232801191520608 -1.4869491222025373 64.05
1.149023962591231 -1.481636059794468 64.10000000000001
1.0752650515047557 -1.467408662924186 64.15
1.002397782953218 -1.4462952074540554 64.2
0.930719151328459 -1.4201578982573282 64.25
0.8604377419342661 -1.3906681374703476 64.3
0.79168356419491 -1.3592970027991031 64.35000000000001
0.7245180627820066 -1.3273170318664098 64.4
0.6589438306086249 -1.295811828733335 64.45
0.5949137078430785 -1.265690582968395 64.5
0.5323390813049945 -1.2377052012195051 64.55
0.4710972990864464 -1.2124683215908734 64.60000000000001
0.4110381890683124 -1.1904709725760534 64.65
0.35198972157833286 -1.1720990358996375 64.7
0.29376289048551674 -1.157647977137664 64.75
0.23615590798702135 -1.1473355289382614 64.8
0.17895782007013092 -1.1413121624715734 64.85000000000001
0.12195165527308224 -1.1396692776826387 64.9
0.06491722137537548 -1.1424450954692573 64.95
0.007633664835388104 -1.1496282569973355 65.0
-0.05011809258082561 -1.1611591373185417 65.05
-0.10855292569311442 -1.1769288712578498 65.10000000000001
-0.16787897162637078 -1.1967760773469458 65.15
-0.22829487372817464 -1.220481258314548 65.2
-0.28998668705901054 -1.2477588626174914 65.25
-0.3531243286504814 -1.2782470199904357 65.3
-0.4178574577558523 -1.3114950257223241 65.35000000000001
-0.4843106775178245 -1.3469487556954867 65.4
-0.5525779624707906 -1.3839343609421153 65.45
-0.6227162394075896 -1.4216408308996884 65.5
-0.6947380863934735 -1.4591023415607784 65.55
-0.7686035706622434 -1.4951817263160405 65.60000000000001
-0.8442113255124064 -1.5285569212734529 65.65
-0.9213890733487582 -1.5577128233050623 65.7
-0.9998839392707067 -1.580941611031165 65.75
-1.0793530664347706 -1.5963551320728249 65.8
-1.1593552348194536 -1.601913323970266 65.85000000000001
-1.2393443852693602 -1.5954726325997326 65.9
-1.3186661370976962 -1.5748578037423748 65.95
-1.3965585251480002 -1.5379590250869752 66.0
-1.4721582257327284 -1.4828540089500633 66.05
-1.5445134388771071 -1.4079511811407344 66.10000000000001
-1.6126042982005226 -1.3121458560129047 66.15
-1.6753711573591799 -1.194976621105843 66.2
-1.7317503541254875 -1.0567649580487637 66.25
-1.7807161295869507 -0.8987184875941701 66.3
-1.8213263877157908 -0.7229782969165167 66.35000000000001
-1.852769078768948 -0.5325944512188103 66.4
-1.8744053656409252 -0.33142120236073214 66.45
-1.885805558890597 -0.12393382097540159 66.5
-1.8867741938099598 0.0850193512128235 66.55
-1.8773615759093105 0.2905055074233922 66.60000000000001
-1.8578605202364988 0.4878055619908991 66.65
-1.8287886297005196 0.6726891524091951 66.7
-1.7908580179863265 0.8416377014582783 66.75
-1.7449356184822065 0.991995488172989 66.8
-1.6919979459847627 1.1220399912495298 66.85000000000001
-1.6330843247269504 1.2309741893941013 66.9
-1.56925221659529 1.318852836648416 66.95
-1.5015375196605114 1.386460618204161 67.0
-1.430921744364944 1.4351621872404976 67.05
-1.3583069925594113 1.4667429011374216 67.10000000000001
-1.284498802491582 1.483255646270461 67.15
-1.2101962639242771 1.4868846289900748 67.2
-1.1359883797226729 1.4798324218573982 67.25
-1.0623554386163883 1.464232580751247 67.3
-0.9896741275254641 1.4420871425588155 67.35000000000001
-0.918225199685043 1.4152263466935495 67.4
-0.8482026771187469 1.3852868827098452 67.45
-0.7797237614611279 1.353704644388759 67.5
-0.7128388254624052 1.3217181406844853 67.55
-0.6475410393673463 1.2903791724574232 67.60000000000001
-0.583775341492151 1.2605679720724121 67.65
-0.5214465872031305 1.2330106102372693 67.7
-0.46042680602300035 1.2082970332054745 67.75
-0.40056156616288296 1.1868985690912575 67.8
-0.34167549392261237 1.1691841229792515 67.85000000000001
-0.28357702682873864 1.1554345695191182 67.9
-0.22606249844390863 1.1458550592931662 67.95
-0.1689196632164092 1.1405850951932528 68.0
-0.1119307745694573 1.1397063215773309 68.05
-0.05487533099038422 1.14324801532914 68.10000000000001
0.002467395118869377 1.1511902857661789 68.15
0.060315931457496565 1.1634649896888156 68.2
0.11888416841509344 1.1799543575377325 68.25
0.178378795432055 1.2004873146940427 68.3
0.23899649534694556 1.2248334763565942 68.35000000000001
0.3009207800171228 1.2526948036003496 68.4
0.3643183505920215 1.2836949416579093 68.45
0.42933486841575963 1.3173663301628054 68.5
0.49609002970934624 1.3531352916830597 68.55
0.5646718516727105 1.3903054833239712 68.60000000000001
0.6351301029046017 1.428040350726312 68.65
0.7074688511916748 1.4653455667496058 68.7
0.781638161388373 1.501052875174337 68.75
0.8575250599958198 1.5338072881961808 68.8
0.9349439951729281 1.5620601814412391 68.85000000000001
1.0136271634256868 1.5840714389737496 68.9
1.0932152456982638 1.5979243315466471 68.95
1.1732492888712214 1.6015571255250434 69.0
1.2531646684517526 1.592815331155696 69.05
1.3322882489311247 1.5695277859836774 69.10000000000001
1.4098399830219737 1.5296082101638346 69.15
1.484940212987117 1.4711813027174403 69.2
1.556623804864763 1.3927288544527263 69.25
1.6238619127524385 1.293246960461747 69.3
1.6855916077441258 1.1724007713395614 69.35000000000001
1.7407528229432785 1.0306592135998025 69.4
1.7883311215183775 0.8693898622226119 69.45
1.827403805969785 0.6908947898683682 69.5
1.8571860197534733 0.49837252271342414 69.55
1.877072935112691 0.29579924448826755 69.60000000000001
1.8866740394221708 0.08773316711568704 69.65
1.8858360208495153 -0.12094236446427509 69.7
1.8746517959546634 -0.32531140027671157 69.75
1.8534546770537588 -0.5207217798527124 69.8
1.82279830662747 -0.7030529373239605 69.85000000000001
1.7834245072460604 -0.8689275888156033 69.9
1.7362223528920497 -1.0158490969222502 69.95
1.6821823939427574 -1.1422578148752196 70.0
1.6223500170221161 -1.247510906983814 70.05
1.5577814629882698 -1.3317989452634857 70.10000000000001
1.4895052148240524 -1.3960178092901663 70.15
1.4184904893551764 -1.4416158881911505 70.2
1.3456235971706532 -1.4704349319637047 70.25
1.2716921041180873 -1.4845592028775199 70.3
1.197376108350657 -1.4861829904025536 70.35000000000001
1.1232455585384176 -1.4775020328901471 70.4
1.0497623609381206 -1.4606305680427745 70.45
0.9772860118631229 -1.4375429101389188 70.5
0.9060815961271105 -1.4100366577207901 70.55
0.8363291626600189 -1.3797137349504327 70.60000000000001
0.7681336862105878 -1.3479752488333414 70.65
0.7015350205697083 -1.3160263776007344 70.7
0.6365174264480201 -1.2848879961928072 70.75
0.5730184071050619 -1.2554123425831334 70.8
0.5109367044491091 -1.2283006311525093 70.85000000000001
0.45013939905541506 -1.2041210652385959 70.9
0.39046812307002365 -1.1833261604536125 70.95
0.3317444398829353 -1.1662686548457137 71.0
0.2737744734447668 -1.1532155559856916 71.05
0.21635288742428987 -1.1443600699246828 71.10000000000001
0.15926632367265325 -1.1398312866818687 71.15
0.10229641357526292 -1.1397015756141755 71.2
0.045222477054690624 -1.1439916846675353 71.25
-0.012175976150870939 -1.1526735514678241 71.3
-0.07011682868562458 -1.1656708312818649 71.35000000000001
-0.12881290699204803 -1.1828571356899622 71.4
-0.18846938707631264 -1.2040519643516272 71.45
-0.24928093873061358 -1.229014308486079 71.5
-0.3114284914763751 -1.2574339171968343 71.55
-0.3750755058803406 -1.2889202562611932 71.60000000000001
-0.4403636370887886 -1.3229892647359918 71.65
-0.5074076856013514 -1.359048140588185 71.7
-0.5762897463209764 -1.3963785766465389 71.75
-0.6470524943386499 -1.434119136587321 71.8
-0.7196915889664479 -1.4712478190930145 71.85000000000001
-0.7941472408896321 -1.506566311984562 71.9
-0.8702950756156915 -1.5386879797499866 71.95
-0.9479365434605979 -1.566032229516741 72.0
-1.0267892738163757 -1.5868285036356318 72.05
-1.1064779471741664 -1.599133652583267 72.10000000000001
-1.1865264539893925 -1.6008667031246988 72.15
-1.2663523080925487 -1.5898648601947314 72.2
-1.3452644565425904 -1.5639637425037767 72.25
-1.4224657389165618 -1.5211031344391819 72.3
-1.497061248984955 -1.459456795658899 72.35000000000001
-1.5680736888874995 -1.3775811214986504 72.4
-1.6344664355667635 -1.2745729671040575 72.45
-1.695174438447621 -1.1502223417499633 72.5
-1.7491422520465352 -1.0051418829818426 72.55
-1.7953675460784029 -0.8408531791476352 72.60000000000001
-1.8329474548202784 -0.6598112192796947 72.65
-1.8611242990657662 -0.46535318895716127 72.7
-1.8793267255652308 -0.26156639059049935 72.75
-1.8872023178497408 -0.05308113669234163 72.8
-1.8846383168225864 0.15519397644631572 72.85000000000001
-1.871768212263625 0.3583674482710495 72.9
-1.848963468484643 0.5518586377019599 72.95
-1.8168112780536216 0.73165790979916 73.0
-1.7760807139275985 0.8945269355222203 73.05
-1.7276807280283772 1.0381227657090315 73.10000000000001
-1.672613974787632 1.1610409213591046 73.15
-1.611930395656372 1.2627836603793827 73.2
-1.5466839721995154 1.3436678441925058 73.25
-1.4778952035624122 1.404691419019707 73.3
-1.4065208767870592 1.4473784213242775 73.35000000000001
-1.3334317445994057 1.4736203472604714 73.4
-1.2593979260246417 1.4855278067572737 73.45
-1.185081264081382 1.4853017500907144 73.5
-1.1110335235630944 1.4751291174329453 73.55
-1.037699164975734 1.457104094306303 73.60000000000001
-0.9654214421462577 1.433173506265413 73.65
-0.8944506891607288 1.4051032524748468 73.7
-0.8249538397603093 1.3744619055070264 73.75
-0.7570244214251142 1.342617473764762 73.8
-0.6906924606815966 1.310743610826391 73.85000000000001
-0.6259339096542302 1.279832073187492 73.9
-0.562679348842076 1.250708832066872 73.95
-0.5008218357439818 1.2240518411238228 74.0
-0.4402238552110684 1.2004089947794934 74.05
-0.3807233891835205 1.180215255633618 74.10000000000001
-0.3221391654341922 1.1638082783579142 74.15
-0.26427517172558906 1.1514421174265288 74.2
-0.20692453755071372 1.1432987891173905 74.25
-0.14987289386710326 1.1394975785296468 74.3
-0.09290132473181056 1.1401020539084221 74.35000000000001
-0.035789025616973176 1.1451247860668567 74.4
0.02168421705046293 1.1545297812285487 74.45
0.07973561092195962 1.1682326307554205 74.5
0.1385768930217386 1.1860983694552687 74.55
0.19841170028590016 1.2079370234229698 74.60000000000001
0.2594326592802674 1.2334968266869757 74.65
0.3218180783030259 1.2624551020312862 74.7
0.3857281258039217 1.2944068451923987 74.75
0.4513003828989509 1.3288511347210037 74.8
0.5186446670135657 1.3651756252854161 74.85000000000001
0.5878370413214389 1.4026395842936386 74.9
0.6589129543439752 1.4403562143288977 74.95
0.7318595001578018 1.477275377973917 75.0
0.8066068568299595 1.5121683107790405 75.05
0.8830190535403267 1.543616462336738 75.10000000000001
0.9608843389148921 1.5700072123631734 75.15
1.0399055755603723 1.5895398038026924 75.2
1.1196912655955682 1.600245311650308 75.25
1.1997480095275816 1.6000246696042535 75.3
1.2794753976161302 1.5867085066818245 75.35000000000001
1.3581644996136952 1.5581415761585629 75.4
1.4350012150193063 1.5122926793000044 75.45
1.5090757225754734 1.4473880715917469 75.5
1.579399073301401 1.3620624423675403 75.55
1.6449275636381637 1.2555170060462835 75.60000000000001
1.7045948866334906 1.1276696976547806 75.65
1.7573512133236144 0.9792789096665537 75.7
1.8022073818379862 0.81202080100211 75.75
1.8382814032789747 0.6285020061352583 75.8
1.8648437083706175 0.43219514383984015 75.85000000000001
1.8813571433003524 0.22729360478607716 75.9
1.8875078247022703 0.018493408518426596 75.95
1.8832236432009661 -0.18927867535691506 76.0
1.868678404504931 -0.39116255231157837 76.05
1.8442811395449112 -0.5826551459306336 76.10000000000001
1.8106517398232393 -0.7598622521309545 76.15
1.768585499638796 -0.9196870743603804 76.2
1.7190101412433865 -1.0599409274493221 76.25
1.6629393332072042 -1.1793732678326008 76.3
1.6014265807719814 -1.2776288008356136 76.35000000000001
1.5355227725281022 -1.3551471149042356 76.4
1.4662397804803968 -1.4130242503886479 76.45
1.394521518069026 -1.452855949179521 76.5
1.3212229254991972 -1.4765798741151142 76.55
1.2470965856260157 -1.4863299747581755 76.60000000000001
1.1727861309113756 -1.484311520832837 76.65
1.098825287015439 -1.4727009838481961 76.7
1.025641281325229 -1.4535714386735519 76.75
0.9535613773783 -1.428841680515816 76.80000000000001
0.882821427167604 -1.4002457748615604 76.85000000000001
0.8135755166845149 -1.3693191075628153 76.9
0.7459059799101668 -1.3373969554268326 76.95
0.6798332481976765 -1.3056219354469645 77.0
0.6153251711118478 -1.2749572309478086 77.05000000000001
0.5523055847472845 -1.2462031012272319 77.10000000000001
0.49066201329565984 -1.2200147699295651 77.15
0.4302524715414454 -1.1969203066691696 77.2
0.3709113941413648 -1.1773375445487035 77.25
0.3124547566886369 -1.1615894097793464 77.30000000000001
0.25468447825536733 -1.1499172859512021 77.35000000000001
0.19739220940516486 -1.1424922072017296 77.4
0.14036261695106875 -1.139423785831432 77.45
0.08337627967082534 -1.1407668446598431 77.5
0.02621230979225686 -1.146525755059127 77.55000000000001
-0.03134918524615552 -1.1566564889636215 77.60000000000001
-0.08952468654542158 -1.1710663865935442 77.65
-0.14852477858319657 -1.1896116295022015 77.7
-0.2085514799238235 -1.2120923987765995 77.75
-0.26979527353411414 -1.238245698898413 77.80000000000001
-0.33243171986290454 -1.2677358478051515 77.85000000000001
-0.39661753696241303 -1.300142683281341 77.9
-0.4624860365105332 -1.3349476267705147 77.95
-0.5301418150327807 -1.3715178914079964 78.0
-0.5996546190142168 -1.4090893358252945 78.05000000000001
-0.6710523347361579 -1.4467487627061506 78.10000000000001
-0.7443131029790195 -1.483416851255678 78.15
-0.8193566299319185 -1.5178333975153377 78.2
-0.8960348632218518 -1.5485471026519504 78.25
-0.9741223291865462 -1.5739127599592635 78.30000000000001
-1.053306584973704 -1.5920992753256045 78.35000000000001
-1.133179422759178 -1.6011123988473497 78.4
-1.2132296624069723 -1.5988361840652494 78.45
-1.2928385630229953 -1.583096819480514 78.5
-1.3712790418712029 -1.5517513671405019 78.55000000000001
-1.4477199688372255 -1.5028018936132184 78.60000000000001
-1.5212367559116011 -1.4345323878618965 78.65
-1.5908292332536678 -1.345661820917497 78.7
-1.6554473570021222 -1.2355020939416874 78.75
-1.7140246173004232 -1.1041051655042562 78.80000000000001
-1.7655181402885505 -0.952380372332523 78.85000000000001
-1.808953493155936 -0.782162025762276 78.9
-1.8434712504619457 -0.5962097789419802 78.95
-1.8683716444186471 -0.39813046960250853 79.0
-1.883153284859253 -0.19221971779632763 79.05000000000001
-1.8875421323530648 0.016766945064821653 79.10000000000001
-1.8815076827509807 0.22389246432033602 79.15
-1.8652645944101565 0.4243368585018972 79.2
-1.8392595657080184 0.6136831894047261 79.25
-1.8041448810111815 0.7881602577800272 79.30000000000001
-1.7607414102224235 0.9448187286113411 79.35000000000001
-1.7099947527733874 1.0816281160878294 79.4
-1.6529285527943665 1.197493709397227 79.45
-1.5905987928619292 1.2922027303274917 79.5
-1.5240522167113444 1.3663161137317295 79.55000000000001
-1.4542911131804654 1.421025617121857 79.60000000000001
-1.3822457004297664 1.457995760857392 79.65
-1.3087544364099113 1.4792072799497977 79.7
-1.2345518507544186 1.4868144905875154 79.75
-1.1602629897810985 1.4830243201965485 79.80000000000001
-1.0864032874765484 1.4700005219378247 79.85000000000001
-1.0133825869969213 1.4497932531347306 79.9
-0.9415120900594747 1.4242918964034992 79.95
-0.8710131544846329 1.3951976783239675 80.0
-0.8020270485437561 1.3640121081637657 80.05000000000001
-0.7346249707099403 1.332037291994304 80.10000000000001
-0.6688178321217948 1.3003845611237599 80.15
-0.6045654635706478 1.269988413620671 80.2
-0.5417850436472028 1.2416233778037833 80.25
-0.4803586495117074 1.2159219862035855 80.30000000000001
-0.42013990934309353 1.193392553381899 80.35000000000001
-0.36095979015514695 1.174435863067191 80.4
-0.3026315910638615 1.1593601882173519 80.45
-0.24495523475996206 1.1483943004165127 80.5
-0.1877209628363284 1.1416982855172664 80.55000000000001
-0.13071254699951512 1.1393720849428697 80.60000000000001
-0.07371013061159079 1.1414617402204885 80.65
-0.016492815369031327 1.1479633443122543 80.7
0.04115889243280214 1.1588247076960922 80.75
0.09946066183130198 1.1739447390799311 80.80000000000001
0.15862182879423228 1.193170528348739 80.85000000000001
0.21884268408624927 1.2162921107511635 80.9
0.28031144097230903 1.2430348946327245 80.95
0.3432007659400685 1.2730497593041643 81.0
0.40766375719071285 1.3059008853573644 81.05000000000001
0.4738292610358328 1.341051479002781 81.10000000000001
0.5417964280587623 1.3778477084005618 81.15
0.6116284321670611 1.4155013978163205 81.2
0.683345310393609 1.4530723380322332 81.25
0.7569159339874552 1.4894514778453565 81.30000000000001
0.8322491967099981 1.5233467615179594 81.35000000000001
0.9091846086716924 1.5532739541739067 81.4
0.9874826164404711 1.5775554093164075 81.45
1.0668151325030761 1.594330302097156 81.5
1.1467569444634016 1.601580256131265 81.55000000000001
1.2267788742702672 1.5971743593796175 81.60000000000001
1.306243748283437 1.5789370836973668 81.65
1.3844063869726373 1.5447413659922913 81.7
1.46041888464866 1.4926268859991414 81.75
1.5333423739657346 1.4209403106783305 81.80000000000001
1.6021662072067127 1.3284901034308558 81.85000000000001
1.6658350007415872 1.2147038536728294 81.9
1.7232832750772114 1.0797717475427262 81.95
1.7734765217497146 0.9247568395042264 82.0
1.8154565378995442 0.7516523593877794 82.05000000000001
1.848387941626978 0.5633693349428849 82.10000000000001
1.871602101043739 0.36364464837477883 82.15
1.8846344560877566 0.15686967399925553 82.2
1.8872515079046062 -0.0521487401514823 82.25
1.8794646188874218 -0.2584723145518695 82.30000000000001
1.8615291073161417 -0.45733011647274147 82.35000000000001
1.8339287227800758 -0.6443992052506621 82.4
1.7973471765248952 -0.8160374155129217 82.45
1.752629702393918 -0.9694466264594113 82.5
1.7007384373905965 -1.1027559276312586 82.55000000000001
1.6427056483379385 -1.215025651907883 82.60000000000001
1.5795885270525694 -1.306183020923804 82.65
1.5124285618777689 -1.376906625734863 82.7
1.442217549902471 -1.428479643091822 82.75
1.3698713249207963 -1.4626309639415125 82.80000000000001
1.296211388441095 -1.4813802602733097 82.85000000000001
1.2219539371120263 -1.4868986045323462 82.9
1.1477053158047084 -1.4813916266105835 82.95
1.0739626820931831 -1.4670080927145739 83.0
1.0011186071326796 -1.4457736218382475 83.05000000000001
0.9294684095403083 -1.4195471294655144 83.10000000000001
0.8592191723557477 -1.3899964134485856 83.15
0.7904995855884733 -1.3585888766324012 83.2
0.7233699562046262 -1.3265934873115373 83.25
0.6578319126897525 -1.2950905030525497 83.30000000000001
0.5938374910063937 -1.2649860593232098 83.35000000000001
0.5312974184188878 -1.2370293338584848 83.4
0.4700885116142108 -1.2118305669178617 83.45
0.410060178921428 -1.1898787074326664 83.5
0.3510400676393088 -1.1715578509234634 83.55000000000001
0.2928389312445469 -1.1571619379706943 83.60000000000001
0.23525481200479434 -1.1469074015760068 83.65
0.17807664610100102 -1.1409436014195662 83.7
0.12108740390900374 -1.1393609770782622 83.75
0.0640668800399031 -1.1421969041630378 83.80000000000001
0.006794247896332178 -1.1494392589663798 83.85000000000001
-0.050949506883209296 -1.1610276988712807 83.9
-0.10937915987719873 -1.1768526564230268 83.95
-0.1687027136013907 -1.1967520327419252 84.0
-0.22911863993325596 -1.220505568769852 84.05000000000001
-0.290812782681733 -1.2478268790057363 84.10000000000001
-0.35395480358049247 -1.2783531611833845 84.15
-0.418694057045774 -1.3116326575036885 84.2
-0.4851547852990891 -1.347110050922603 84.25
-0.5534305385375955 -1.3841101474124853 84.30000000000001
-0.6235777480758994 -1.4218204363606708 84.35000000000001
-0.6956084178071367 -1.4592734491811223 84.4
-0.7694819554999296 -1.4953302587045383 84.45
-0.8450962450881148 -1.528666976613003 84.5
-0.9222781684217773 -1.5577666929556844 84.55000000000001
-1.000773922485956 -1.580919913286994 84.60000000000001
-1.0802396451510148 -1.596237100450302 84.65
-1.160233053029521 -1.601677288802466 84.7
-1.2402069951582841 -1.5950967297548522 84.75
-1.3195060121981428 -1.5743209317481734 84.80000000000001
-1.3973671276080704 -1.537242049921236 84.85000000000001
-1.4729261394076576 -1.4819411834123477 84.9
-1.5452305772963697 -1.4068317042300427 84.95
-1.6132601915772427 -1.3108154512124275 85.0
-1.6759553156225517 -1.1934389684726574 85.05000000000001
-1.7322526938498144 -1.0550327841026796 85.10000000000001
-1.7811274426147758 -0.8968141110503137 85.15
-1.8216388197406272 -0.7209334572941788 85.2
-1.8529765790385948 -0.5304493154522265 85.25
-1.874504066136406 -0.3292225466531986 85.30000000000001
-1.8857940441814909 -0.1217325057076187 85.35000000000001
-1.8866536316361975 0.08717138047056416 85.4
-1.8771356924657423 0.2925583760014898 85.45
-1.8575354210074235 0.48971443104080126 85.5
-1.8283724836198185 0.6744166737148897 85.55000000000001
-1.7903606367499763 0.843155726630079 85.60000000000001
-1.7443679717622222 0.9932859143827243 85.65
-1.691371656028835 1.1230947509741793 85.7
-1.632411180647665 1.2317944992753873 85.75
-1.5685437409177618 1.3194478931087703 85.80000000000001
-1.500804609371451 1.3868459583814874 85.85000000000001
-1.4301743978145238 1.4353579267925076 85.9
-1.3575541237645878 1.466772025964479 85.95
-1.283748136729146 1.483142486143547 86.0
-1.2094543034065477 1.4866535892569341 86.05000000000001
-1.1352604255264778 1.4795070033920374 86.10000000000001
-1.0616456544635389 1.4638346828069049 86.15
-0.9889856319199253 1.4416366195124686 86.2
-0.9175601747245998 1.414740776822201 86.25
-0.8475624845291156 1.384781502861963 86.30000000000001
-0.7791090586848746 1.3531924060929221 86.35000000000001
-0.7122496767376767 1.3212098484663324 86.4
-0.6469770185248549 1.2898836720042444 86.45
-0.5832356246370413 1.2600923630473495 86.5
-0.5209300345393046 1.2325604651699993 86.55000000000001
-0.45993203286022405 1.2078766095439801 86.60000000000001
-0.40008700367452305 1.1865110060427675 86.65
-0.3412194405496869 1.1688316182274276 86.7
-0.28313769140544454 1.1551185334046687 86.75
-0.22563803619482287 1.1455762457516199 86.80000000000001
-0.16850820578153447 1.1403437098268112 86.85000000000001
-0.1115304551773875 1.1395021078535386 86.9
-0.05448430584202895 1.1430803201811743 86.95
0.002850928259493443 1.1510581059277654 87.0
0.06069371653403088 1.1633670000198306 87.05000000000001
0.11925787533921607 1.1798889224565015 87.10000000000001
0.17875000451365974 1.2004524836897261 87.15
0.2393666811203802 1.2248269644641032 87.2
0.30129129373365376 1.2527139577335242 87.25
0.3646904006970008 1.2837366938688528 87.30000000000001
0.4297094983910778 1.3174271392852908 87.35000000000001
0.49646809275012577 1.35321107548926 87.4
0.5650539817975213 1.3903915443411177 87.45
0.6355166822895654 1.428131300281231 87.5
0.7078599737919148 1.465435253670948 87.55000000000001
0.7820335932874347 1.5011343278766018 87.60000000000001
0.85792419742481 1.5338726815105044 87.65
0.9353458217789913 1.5621008423395994 87.7
1.014030209142556 1.5840779078829175 87.75
1.0936175504547865 1.5978864976845597 87.80000000000001
1.173648375307046 1.6014644548085468 87.85000000000001
1.2535575286874385 1.5926572027284072 87.9
1.3326713511052706 1.569293947232888 87.95
1.4102093035529102 1.5292893493470539 88.0
1.4852913001010044 1.470769722655525 88.05000000000001
1.5569518776209548 1.3922192108181919 88.10000000000001
1.6241619974228247 1.2926370060750272 88.15
1.6858587099426832 1.1716920272963263 88.2
1.7409821295547467 1.029857474090453 88.25
1.7885182217129307 0.8685054381644491 88.30000000000001
1.8275449161466883 0.6899424114957333 88.35000000000001
1.8572781940257457 0.49737085468599684 88.4
1.8771142417955435 0.294770016039103 88.45
1.8866636855230448 0.08669997652409142 88.5
1.8857744108921355 -0.12195545861728968 88.55000000000001
1.8745405181156964 -0.3262813511926327 88.60000000000001
1.853296417509742 -0.5216279256657805 88.65
1.8225967008387807 -0.7038781289953049 88.7
1.7831839432929615 -0.8696589669492204 88.75
1.7359477459211994 -1.0164784670459694 88.80000000000001
1.6818789518452315 -1.142781628516345 88.85000000000001
1.6220230158229396 -1.2479299045912722 88.9
1.5574360467461625 -1.3321175490654111 88.95
1.4891462300370717 -1.3962433669996774 89.0
1.4181223588685052 -1.441757864138491 89.05000000000001
1.3452502341282888 -1.470504125725048 89.10000000000001
1.271316863050854 -1.4845670527396728 89.15
1.1970017682221143 -1.4861409953635916 89.2
1.1228743314216978 -1.4774213061223094 89.25
1.04939591976994 -1.4605215188476401 89.30000000000001
0.9769255311542637 -1.4374150409143425 89.35000000000001
0.9057278003419938 -1.409898456818274 89.4
0.8359823779929324 -1.3795726444838843 89.45
0.7677938925212425 -1.3478376873184346 89.5
0.7012019011920169 -1.3158977996793848 89.55000000000001
0.6361904143977782 -1.2847729747787506 89.60000000000001
0.5726967268651875 -1.255314661956947 89.65
0.5106194090097108 -1.2282233824711033 89.7
0.4498254022483533 -1.2040667384170733 89.75
0.3901562274879782 -1.1832967283628006 89.80000000000001
0.33143336083657515 -1.1662656472606272 89.85000000000001
0.27346285951181926 -1.1532401217747534 89.9
0.21603933820118842 -1.1444130266602823 89.95
0.15894940536929442 -1.139913157255903 90.0
0.10197467310879757 -1.1398126116282994 90.05000000000001
0.04489445530847727 -1.1441318763992538 90.10000000000001
-0.012511731225666456 -1.1528426241443637 90.15
-0.07046174843197583 -1.1658682272719951 90.2
-0.12916838715596998 -1.1830819820948042 90.25
-0.18883677091765944 -1.2043030253852645 90.30000000000001
-0.24966149735976106 -1.2292899220369546 90.35000000000001
-0.3118234006133331 -1.2577319151121265 90.4
-0.37548581821822896 -1.2892378682718808 90.45
-0.44079024945518464 -1.3233230066281139 90.5
-0.507851300166891 -1.3593936883279816 90.55000000000001
-0.5767508252282506 -1.3967306297951259 90.60000000000001
-0.6475312073449389 -1.4344712766029677 90.65
-0.7201877540451654 -1.4715923710997998 90.7
-0.7946602582543562 -1.506894222308312 90.75
-0.8708238563527658 -1.5389887258961656 90.80000000000001
-0.948479434908219 -1.5662937840190752 90.85000000000001
-1.0273439850168014 -1.5870373778064943 90.9
-1.1070414791234136 -1.5992750497794075 90.95
-1.1870950409349978 -1.6009248124599225 91.0
-1.2669213776329395 -1.5898233190997806 91.05000000000001
-1.3458286175251435 -1.5638062883994588 91.10000000000001
-1.4230188067944305 -1.5208144504893022 91.15
-1.4975963179922873 -1.4590235323029632 91.2
-1.5685832587397608 -1.3769930449162662 91.25
-1.6349425970853348 -1.273824150821865 91.30000000000001
-1.6956091174525858 -1.1493122837619596 91.35000000000001
-1.749527504301327 -1.0040764058256089 91.4
-1.795695888671164 -0.8396449631912286 91.45
-1.8332122122156962 -0.6584798375387261 91.5
-1.8613199365259747 -0.4639245583617858 91.55000000000001
-1.8794491400908226 -0.2600716263095243 91.60000000000001
-1.8872490582401695 -0.051554881859934926 91.65
-1.8846087101956306 0.15671559038998523 91.7
-1.8716633837935703 0.3598489939983159 91.75
-1.848786252751025 0.553267495291554 91.80000000000001
-1.8165660322343324 0.732966056018633 91.85000000000001
-1.7757730530792766 0.8957122489421364 91.9
-1.7273172092958047 1.039169756410325 91.95
-1.6722017598079495 1.1619408790038348 92.0
-1.611476918812384 1.263534288337037 92.05000000000001
-1.5461966376080198 1.3442724983841943 92.10000000000001
-1.4773811270505053 1.4051580936024215 92.15
-1.405986681956309 1.4477186214870412 92.2
-1.3328834155157305 1.473847968932913 92.25
-1.2588407138239952 1.4856581123137156 92.30000000000001
-1.1845196411611283 1.4853504958833597 92.35000000000001
-1.1104711770113258 1.4751118588719359 92.4
-1.0371390202289177 1.4570356704306489 92.45
-0.9648657082085131 1.4330676893617245 92.5
-0.8939009177035235 1.4049725388196919 92.55000000000001
-0.8244109917348986 1.3743174194142846 92.60000000000001
-0.7564889362219546 1.342468957213819 92.65
-0.6901643242003415 1.310599473524106 92.7
-0.6254127188125764 1.279699481752374 92.75
-0.5621643710122782 1.2505938212332919 92.80000000000001
-0.5003120623589989 1.2239594338788222 92.85000000000001
-0.4397180493465563 1.2003433218503579 92.9
-0.38022012732660565 1.180179667609348 92.95
-0.3216368739278844 1.1638054459392393 93.0
-0.26377215856029995 1.1514741169127234 93.05000000000001
-0.20641902028941952 1.1433671713419913 93.10000000000001
-0.14936302456126965 1.1396034201493672 93.15
-0.09238521272945494 1.1402459903253668 93.2
-0.03526475919578762 1.14530702541052 93.25
0.022218549263679215 1.1547500988188446 93.30000000000001
0.08028189775341851 1.1684903433821074 93.35000000000001
0.13913697674640974 1.1863922887107958 93.4
0.1989873497494098 1.2082653872854934 93.45
0.26002553904096365 1.2338572086463966 93.5
0.32242971265980036 1.2628442973750384 93.55000000000001
0.3863598565710663 1.2948207347281537 93.60000000000001
0.45195331982908615 1.3292845273385954 93.65
0.5193196298803107 1.365622082495541 93.7
0.5885344928893509 1.4030912323797864 93.75
0.6596329238162066 1.4408035531533494 93.80000000000001
0.7326014972498488 1.4777070998834758 93.85000000000001
0.8073697774212337 1.5125711484545221 93.9
0.8838010789500206 1.543975090635372 93.95
0.9616828322648173 1.5703042357492634 94.0
1.0407169804226604 1.5897558669947396 94.05000000000001
1.1205110141203551 1.6003593752943532 94.10000000000001
1.2005704493681584 1.6000144932572529 94.15
1.2802937489753792 1.5865513758728482 94.2
1.3589708552657018 1.5578152963784695 94.25
1.4357865967410832 1.5117768354838366 94.30000000000001
1.509830206513041 1.446665516332839 94.35000000000001
1.580111993869791 1.3611209313999093 94.4
1.645587800255615 1.2543508503763838 94.45
1.7051912298931204 1.1262812566765348 94.5
1.757872797595185 0.9776797201408894 94.55000000000001
1.8026441608572832 0.8102321351583626 94.60000000000001
1.8386246356704337 0.6265546877950162 94.65
1.8650864132237157 0.43012852692726533 94.7
1.8814944837312029 0.22515372641800427 94.75
1.8875373809884128 0.016330451156072817 94.80000000000001
1.8831455466932063 -0.19141336653709837 94.85000000000001
1.868495317909492 -0.3932195752446278 94.9
1.843998086015369 -0.5845899283062069 94.95
1.8102757996840735 -0.7616374153955251 95.0
1.7681254066838141 -0.9212740603834784 95.05000000000001
1.7184758184230833 -1.06132079026505 95.10000000000001
1.662341409373027 -1.1805366521683258 95.15
1.6007759264770995 -1.2785752275074462 95.2
1.5348300851455412 -1.355883756068689 95.25
1.465515239004839 -1.413564401128765 95.30000000000001
1.3937745177926562 -1.453217391071617 95.35000000000001
1.3204618937606334 -1.4767832918448422 95.4
1.2463288729089814 -1.486397540608579 95.45
1.1720179670264965 -1.4842657144488678 95.5
1.0980617897963898 -1.472563673367836 95.55000000000001
1.0248865047965017 -1.4533632178632534 95.60000000000001
0.9528183871819313 -1.4285814357918456 95.65
0.8820923926573179 -1.3999504449049778 95.7
0.8128618110788122 -1.3690035945487102 95.75
0.7452082819250068 -1.3370741483574196 95.80000000000001
0.6791516404507727 -1.3053028106037199 95.85000000000001
0.6146592321946867 -1.2746510004112572 95.9
0.5516544731581796 -1.2459173866013595 95.95
0.4900245424241862 -1.2197557841389974 96.0
0.42962717562475067 -1.1966930316018467 96.05000000000001
0.37029658562150924 -1.1771458962649397 96.10000000000001
0.31184857573505104 -1.1614363860202215 96.15
0.25408493542221205 -1.1498050928577213 96.2
0.19679722250814288 -1.1424223636390107 96.25
0.13977004330322915 -1.1393972046436194 96.30000000000001
0.08278394483626722 -1.1407838906965133 96.35000000000001
0.025618034018134617 -1.146586280031997 96.4
-0.03194756176308312 -1.1567598432166766 96.45
-0.09012927840389125 -1.1712114077906366 96.5
-0.14913762877800785 -1.1897966081363336 96.55000000000001
-0.20917453113948467 -1.2123150203653248 96.60000000000001
-0.2704303359642425 -1.238502962835366 96.65
-0.3330804343939924 -1.2680239631839916 96.7
-0.39728133259208853 -1.300456942704993 96.75
-0.46316608094813233 -1.3352822603308832 96.80000000000001
-0.5308389575811009 -1.371865904807204 96.85000000000001
-0.6003693250899461 -1.4094423391486612 96.9
-0.6717846117934696 -1.447096799769206 96.95
-0.74506241820174 -1.4837482437947351 97.0
-0.8201218209006048 -1.5181346237217601 97.05000000000001
-0.8968140438821147 -1.548802735420437 97.10000000000001
-0.9749127948641408 -1.5741054961989362 97.15
-1.0541047218845079 -1.5922100928500365 97.2
-1.1339806293750412 -1.6011208803317434 97.25
-1.2140282920072036 -1.5987210464805501 97.30000000000001
-1.2936278985293859 -1.582836680089919 97.35000000000001
-1.3720513152637221 -1.5513257613792637 97.4
-1.4484664376119698 -1.5021925343804856 97.45
-1.5219478476596406 -1.4337246198111135 97.5
-1.5914947660474845 -1.3446461795552684 97.55000000000001
-1.6560568376078277 -1.2342758332720676 97.60000000000001
-1.7145676113838175 -1.1026735784846833 97.65
-1.765984699357369 -0.9507577068021822 97.7
-1.8093346131602999 -0.7803718059861338 97.75
-1.8437593284279838 -0.5942843870921003 97.80000000000001
-1.868560894093613 -0.3961099225720395 97.85000000000001
-1.8832400717452076 -0.1901496830209822 97.9
-1.8875251936141437 0.01883773480939993 97.95
-1.88138820808928 0.2259151375763428 98.0
-1.8650461586759606 0.42626535418496225 98.05000000000001
-1.838947920317277 0.6154769046275681 98.10000000000001
-1.8037476263495695 0.7897861224032547 98.15
-1.7602675825799972 0.9462525294735855 98.2
-1.7094543653426866 1.082855009759833 98.25
-1.6523321304657554 1.1985079739742779 98.30000000000001
-1.5899569357198897 1.293006893609769 98.35000000000001
-1.5233752188454308 1.3669196456568529 98.4
-1.4535886535636835 1.4214433871615944 98.45
-1.381526612927299 1.4582464429686464 98.5
-1.3080265577451449 1.4793118495993862 98.55000000000001
-1.2338219391805154 1.4867949119536943 98.60000000000001
-1.159536703452304 1.4829024763989465 98.65
-1.0856852098568357 1.4697974032380086 98.7
-1.0126762866340824 1.4495283903035563 98.75
-0.9408202031685228 1.4239830090587415 98.80000000000001
-0.8703374805392599 1.394860499546518 98.85000000000001
-0.8013686510770672 1.3636603449079303 98.9
-0.7339842774980698 1.3316826834459774 98.95
-0.6681947306954761 1.300037002269906 99.0
-0.6039593894860098 1.2696561173886534 99.05000000000001
-0.5411950601256702 1.2413130552072464 99.10000000000001
-0.47978351794701946 1.2156390294019508 99.15
-0.4195781508096237 1.193141211141904 99.2
-0.3604097384828294 1.1742194017353953 99.25
-0.3020914383181848 1.159181034026486 99.30000000000001
-0.2444230701231966 1.1482541608751224 99.35000000000001
-0.1871948059642447 1.141598248914327 99.4
-0.13019037695494667 1.1393126977793422 99.45
-0.07318991147409667 1.1414430627875154 99.5
-0.015972519604372425 1.1479849847828067 99.55000000000001
0.041681261778055125 1.1588858350786286 99.60000000000001
0.09998704905979146 1.1740440752812022 99.65
0.15915410257171625 1.1933063194825326 99.7
0.21938261250387467 1.2164620777825643 99.75
0.2808606636277649 1.243236163538848 99.80000000000001
0.34376076202390354 1.2732787712461904 99.85000000000001
0.4082358086031029 1.3061532879908702 99.9
0.4744144096398886 1.3413220011124296 99.95
